This run uses mins 2664.322538808982 
amplitude = 0.0 
omega drive = 1.0 
gammal = 1.0 
gammar = 0.0 
time step = 0.001 
T = [ 5.00304573  4.99949869  4.99960985  4.99966554  4.99782811], Tstd = [ 0.00894224  0.01519824  0.02130123  0.0151485   0.00897871] 
heatL = -0.00012733321740459976, heatLstd = 4.484633899032957e-05 
heat12 = -0.00012112243463874298, heat12std = 3.061701343719984e-05 
heat23 = 6.873287704546323e-06, heat23std = 2.424300072268502e-05 
heatNN_1 = -3.595899216627379e-07, heatNN_1std = 9.120436114890102e-06 
heatR = 0.0, heatRstd = 0.0 
