This run uses mins 1132.5351181666056 
gammal = 1.0 
gammar = 0.0 
time step = 0.001 
T = [ 100.18373334  100.11536185  100.20189614  100.11268384  100.08175875], Tstd = [ 0.17098053  0.29136572  0.34486236  0.29135849  0.16918827] 
heatL = -0.00021737074741127243, heatLstd = 2.647771763302293e-05 
heat12 = -0.00021285196178740247, heat12std = 1.4678599328063846e-05 
heatR = 0.0, heatRstd = 0.0 
