This run uses mins 113.2127515276273 
gammal = 1.0 
gammar = 0.0 
time step = 0.001 
T = [ 100.18074191   99.83451451   99.72303796   99.83745033  100.0762235 ], Tstd = [ 0.79131516  1.16197753  1.41887781  1.16440644  0.79107946] 
heatL = -0.00021244508493603113, heatLstd = 7.508599956535611e-05 
heat12 = -0.0002047302271919398, heat12std = 4.346143274368882e-05 
heatR = 0.0, heatRstd = 0.0 
