This run uses mins 350.5172219236692 
gammal = 1.0 
gammar = 0.0 
time step = 0.001 
T = [ 100.10697053  100.15761948  100.11850009  100.15961533  100.00902573], Tstd = [ 0.62412534  1.11786518  1.50173897  1.11617931  0.62587724] 
heatL = -0.00019658303787325944, heatLstd = 9.674048655453866e-05 
heat12 = -0.00020460997884039033, heat12std = 6.58621813950678e-05 
heatR = 0.0, heatRstd = 0.0 
