This run uses mins 51.90405357678731 
amplitude = 0.1 
omega drive = 7.0 
gammal = 1.0 
gammar = 1.0 
time step = 0.001 
T = [ 0.21541239  0.05724861  0.01372962  0.15991893  0.04116243], Tstd = [  2.77555756e-17   0.00000000e+00   0.00000000e+00   0.00000000e+00
   0.00000000e+00] 
heatL = -0.2154097648567784, heatLstd = 0.0 
heat12 = -0.2154788553298227, heat12std = 0.0 
heatR = -0.041161928476701366, heatRstd = 0.0 
