This run uses mins 50.19910401105881 
amplitude = 0.1 
omega drive = 6.0 
gammal = 1.0 
gammar = 1.0 
time step = 0.001 
T = [ 0.1911697   0.07915804  0.00233293  0.06155694  0.24022604], Tstd = [  2.77555756e-17   0.00000000e+00   0.00000000e+00   0.00000000e+00
   0.00000000e+00] 
heatL = -0.19116797863305768, heatLstd = 0.0 
heat12 = -0.19121924865740983, heat12std = 0.0 
heatR = -0.2402238773517952, heatRstd = 2.7755575615628914e-17 
