This run uses mins 44.39964981476466 
amplitude = 0.1 
omega drive = 3.0 
gammal = 1.0 
gammar = 1.0 
time step = 0.001 
T = [ 0.79459339  0.65950408  0.43612813  0.20386627  7.1172569 ], Tstd = [  0.00000000e+00   0.00000000e+00   5.55111512e-17   2.77555756e-17
   8.88178420e-16] 
heatL = -0.794591539242505, heatLstd = 1.1102230246251565e-16 
heat12 = -0.7946715733391659, heat12std = 1.1102230246251565e-16 
heatR = -7.117240550602188, heatRstd = 8.881784197001252e-16 
