This run uses mins 486.68734024365745 
amplitude = 0.1 
omega drive = 8.0 
gammal = 1.0 
gammar = 1.0 
time step = 0.001 
T = [ 0.37410422  0.05109992  0.10164841  0.41742486  0.02168263], Tstd = [  0.00000000e+00   0.00000000e+00   1.38777878e-17   5.55111512e-17
   0.00000000e+00] 
heatL = -0.3740982321014905, heatLstd = 0.0 
heat12 = -0.374192059099947, heat12std = 0.0 
heatR = -0.02168228080435573, heatRstd = 3.469446951953614e-18 
