This run uses mins 43.47411645253499 
amplitude = 0.1 
omega drive = 1.0 
gammal = 1.0 
gammar = 1.0 
time step = 0.001 
T = [ 0.0061525   0.00603681  0.0057985   0.00545323  0.04956799], Tstd = [  0.00000000e+00   0.00000000e+00   0.00000000e+00   0.00000000e+00
   6.93889390e-18] 
heatL = -0.006152494684155833, heatLstd = 8.673617379884035e-19 
heat12 = -0.006152902342531349, heat12std = 0.0 
heatR = -0.04956797607305124, heatRstd = 0.0 
