This run uses mins 50.345755930741625 
amplitude = 0.1 
omega drive = 8.0 
gammal = 1.0 
gammar = 1.0 
time step = 0.001 
T = [ 0.37411165  0.05110059  0.10165073  0.41743371  0.02168309], Tstd = [ 0.  0.  0.  0.  0.] 
heatL = -0.3741056494790274, heatLstd = 5.551115123125783e-17 
heat12 = -0.3741701759793703, heat12std = 0.0 
heatR = -0.021682743538593636, heatRstd = 3.469446951953614e-18 
