This run uses mins 468.5639699379603 
amplitude = 0.1 
omega drive = 0.5 
gammal = 1.0 
gammar = 1.0 
time step = 0.001 
T = [ 0.00131433  0.00130911  0.00129614  0.00127686  0.00517703], Tstd = [ 0.  0.  0.  0.  0.] 
heatL = -0.0013143251562048978, heatLstd = 0.0 
heat12 = -0.0013146661725175663, heat12std = 2.168404344971009e-19 
heatR = -0.005177033446810184, heatRstd = 0.0 
