This run uses mins 404.49295614560447 
amplitude = 0.1 
omega drive = 2.0 
gammal = 1.0 
gammar = 1.0 
time step = 0.001 
T = [ 0.05093096  0.04700921  0.03970939  0.03023874  0.53759567], Tstd = [  0.00000000e+00   0.00000000e+00   0.00000000e+00   3.46944695e-18
   0.00000000e+00] 
heatL = -0.05093091123822548, heatLstd = 6.938893903907228e-18 
heat12 = -0.05094365742946732, heat12std = 0.0 
heatR = -0.5375951276632253, heatRstd = 0.0 
