This run uses mins 460.91280530293784 
amplitude = 0.1 
omega drive = 3.0 
gammal = 1.0 
gammar = 1.0 
time step = 0.001 
T = [ 0.79462051  0.6595287   0.43614618  0.20387602  7.1176469 ], Tstd = [  0.00000000e+00   0.00000000e+00   0.00000000e+00   0.00000000e+00
   8.88178420e-16] 
heatL = -0.7946187209571279, heatLstd = 1.1102230246251565e-16 
heat12 = -0.794809585308364, heat12std = 0.0 
heatR = -7.117630824947885, heatRstd = 0.0 
