This run uses mins 491.5606375455856 
amplitude = 0.1 
omega drive = 7.0 
gammal = 1.0 
gammar = 1.0 
time step = 0.001 
T = [ 0.21541225  0.05724833  0.01372979  0.15991937  0.04116192], Tstd = [  0.00000000e+00   0.00000000e+00   1.73472348e-18   0.00000000e+00
   0.00000000e+00] 
heatL = -0.21540961350966015, heatLstd = 0.0 
heat12 = -0.21546030053998658, heat12std = 2.7755575615628914e-17 
heatR = -0.04116141648674135, heatRstd = 0.0 
