This run uses mins 286.3776789267858 
amplitude = 0.1 
omega drive = 1.0 
gammal = 1.0 
gammar = 1.0 
time step = 0.001 
T = [ 0.00615296  0.00603728  0.00579897  0.0054537   0.04957695], Tstd = [  0.00000000e+00   8.67361738e-19   0.00000000e+00   8.67361738e-19
   0.00000000e+00] 
heatL = -0.006152954427576266, heatLstd = 0.0 
heat12 = -0.006154370652970968, heat12std = 0.0 
heatR = -0.04957693580181094, heatRstd = 0.0 
