This run uses mins 43.80453782081604 
amplitude = 0.1 
omega drive = 2.0 
gammal = 1.0 
gammar = 1.0 
time step = 0.001 
T = [ 0.05092972  0.0470081   0.03970849  0.03023809  0.53759231], Tstd = [  6.93889390e-18   0.00000000e+00   0.00000000e+00   0.00000000e+00
   0.00000000e+00] 
heatL = -0.05092967133953005, heatLstd = 0.0 
heat12 = -0.050944347035488814, heat12std = 6.938893903907228e-18 
heatR = -0.5375917848598103, heatRstd = 0.0 
