This run uses mins 50.32128715117772 
amplitude = 0.1 
omega drive = 4.0 
gammal = 1.0 
gammar = 1.0 
time step = 0.001 
T = [ 1.09653756  0.77654122  0.3330367   0.03960961  6.72213386], Tstd = [  0.00000000e+00   0.00000000e+00   0.00000000e+00   0.00000000e+00
   8.88178420e-16] 
heatL = -1.0965332017898806, heatLstd = 0.0 
heat12 = -1.0968523446255092, heat12std = 0.0 
heatR = -6.722106968628032, heatRstd = 0.0 
