This run uses mins 2371.6116532683372 
amplitude = 0 
omega drive = 1.0 
gammal = 1.0 
gammar = 1.0 
time step = 0.001 
T = [  5.00375757e-01   5.00194982e-01   8.30720297e+06   4.99271118e+00
   4.99580069e+00], Tstd = [  1.05143635e-03   1.39061863e-03   1.03988450e+07   1.98285036e-02
   1.09586768e-02] 
heatL = -1.5337091462922755e-05, heatLstd = 5.970066999544825e-06 
heat12 = -1.4013199586291482e-05, heat12std = 3.2110635295574063e-06 
heat23 = -0.2461393956301058, heat23std = 1.3334878115805102 
heatNN_1 = 0.00012917667454242693, heatNN_1std = 2.221028977136824e-05 
heatR = -0.00012700059692449608, heatRstd = 4.4968726571882114e-05 
