This run uses mins 31.093938823541006 
amplitude = 0 
omega drive = 1.0 
gammal = 1.0 
gammar = 1.0 
time step = 0.001 
T = [  4.97159312e-01   4.94231059e-01   1.29660109e+05   5.01850447e+00
   5.00574535e+00], Tstd = [  9.46894607e-03   1.28809483e-02   1.34236614e+05   1.52442704e-01
   1.44972844e-01] 
heatL = 4.615536789892617e-05, heatLstd = 0.0002302997413926982 
heat12 = 1.1829277137698075e-05, heat12std = 0.00019034955314271962 
heat23 = 0.6797870392173094, heat23std = 1.7358527215023418 
heatNN_1 = 5.126550345881055e-05, heatNN_1std = 0.0011880012580531042 
heatR = -0.0001070153362363836, heatRstd = 0.0020761616320351286 
