This run uses mins 1425.061613794168 
amplitude = 0.001 
omega drive = 1.0 
gammal = 1.0 
gammar = 0.0 
time step = 0.001 
T = [  5.00373298e+00   4.99675098e+00   4.99608581e+00   4.99783094e+00
   7.23535908e+06], Tstd = [  8.36289872e-03   1.91486174e-02   2.44389193e-02   1.22283306e-02
   7.54445624e+06] 
heatL = -0.00013136476390256176, heatLstd = 7.024406826055761e-05 
heat12 = -0.00012595610773173479, heat12std = 4.584741189417069e-05 
heat23 = 3.468658634784095e-06, heat23std = 2.529407321446957e-05 
heatNN_1 = 2.441626093722428, heatNN_1std = 5.490258932028405 
heatR = 0.0, heatRstd = 0.0 
