This run uses mins 1395.3411486705145 
amplitude = 0.001 
omega drive = 1.0 
gammal = 1.0 
gammar = 1.0 
time step = 0.001 
T = [ 2.72602032  2.74817967  2.74747969  2.74831636  2.77501794], Tstd = [ 0.00293023  0.00552892  0.00472898  0.00520809  0.00311698] 
heatL = -2.2263661491940345, heatLstd = 0.00399225203332415 
heat12 = -2.226925481300454, heat12std = 0.0039945777644902975 
heat23 = -2.2274155579054646, heat23std = 0.00399521218421037 
heatNN_1 = -2.2267877379505303, heatNN_1std = 0.00398235931546215 
heatR = 2.226233475048631, heatRstd = 0.0039808873643165325 
