This run uses mins 1317.003417523702 
amplitude = 0.0 
omega drive = 1.0 
gammal = 1.0 
gammar = 1.0 
time step = 0.001 
T = [ 0.50010143  0.49941799  0.4994248   0.49941338  0.50008172], Tstd = [ 0.00062386  0.00127381  0.00160044  0.0013098   0.00060952] 
heatL = -0.00014960175586019222, heatLstd = 0.0007567576629168966 
heat12 = -0.00014893888542940483, heat12std = 0.0007565172764099408 
heat23 = -0.0001359132935104409, heat23std = 0.0007563378316671219 
heatNN_1 = -0.00012254043440461422, heatNN_1std = 0.0007570928157507546 
heatR = 0.00012271776200712162, heatRstd = 0.0007573146911446327 
