This run uses mins 1491.2812293450038 
amplitude = 0.001 
omega drive = 1.0 
gammal = 1.0 
gammar = 0.0 
time step = 0.001 
T = [  5.00412707e+01   5.00086187e+01   5.00100080e+01   5.00151602e+01
   1.08589992e+08], Tstd = [  1.10144433e-01   1.54825169e-01   1.85990587e-01   1.54989880e-01
   1.41219873e+08] 
heatL = -0.0011135544322575031, heatLstd = 0.0005627131814533415 
heat12 = -0.0011442817922409857, heat12std = 0.00038036343598584735 
heat23 = 6.244004472955789e-06, heat23std = 0.0002081334650359625 
heatNN_1 = 50.71825487655601, heatNN_1std = 73.42354036544813 
heatR = 0.0, heatRstd = 0.0 
