This run uses mins 311.97238365014397 
amplitude = 0.001 
omega drive = 1.0 
gammal = 1.0 
gammar = 0.0 
time step = 0.001 
T = [  6.13427439e-07   6.01894852e-07   5.78136466e-07   5.43713821e-07
   9.88061840e-06], Tstd = [  0.00000000e+00   0.00000000e+00   0.00000000e+00   1.05879118e-22
   0.00000000e+00] 
heatL = -6.134272800471644e-07, heatLstd = 0.0 
heat12 = -6.135684601843591e-07, heat12std = 0.0 
heat23 = -6.137098426553974e-07, heat23std = 0.0 
heatNN_1 = -3.0692498329506093e-07, heatNN_1std = 5.293955920339377e-23 
heatR = 0.0, heatRstd = 0.0 
