This run uses mins 59.90498175223669 
amplitude = 0.1 
omega drive = 1.0 
gammal = 1.0 
gammar = 1.0 
time step = 0.001 
T = [  6.02920704e-02   5.99452994e-02   1.89079786e+03   9.74162152e-02
   9.76936964e-02], Tstd = [  9.84414033e-04   1.74682807e-03   1.80795397e+03   2.25490678e-03
   1.78819274e-03] 
heatL = -0.0005213906255672919, heatLstd = 0.00044735147763768794 
heat12 = -0.0005224706418344456, heat12std = 0.0004464751120847917 
heat23 = 94.54603164324969, heat23std = 90.4125444680814 
heatNN_1 = -0.0033242909893792098, heatNN_1std = 0.0004155984018590079 
heatR = 0.0033219609569312206, heatRstd = 0.0004136960386057272 
