This run uses mins 64.46571644941966 
amplitude = 0.1 
omega drive = 1.0 
gammal = 1.0 
gammar = 1.0 
time step = 0.001 
T = [  4.20881982e-02   4.16624317e-02   2.21610606e+03   9.68582299e-02
   9.66109525e-02], Tstd = [  6.63317507e-04   9.20625626e-04   2.43780471e+03   2.51823504e-03
   1.42043293e-03] 
heatL = -0.0021713365220208686, heatLstd = 0.00029679345262518 
heat12 = -0.002169197663353439, heat12std = 0.00029565361029543593 
heat23 = 110.84735482259754, heat23std = 121.95517608851831 
heatNN_1 = -0.0032678232346871846, heatNN_1std = 0.0003738062826927558 
heatR = 0.0032607407519271857, heatRstd = 0.0003827800261768351 
