This run uses mins 57.321731495857236 
amplitude = 0.1 
omega drive = 1.0 
gammal = 1.0 
gammar = 1.0 
time step = 0.001 
T = [  1.01941859e-02   1.00917261e-02   9.24995695e+02   9.66753785e-02
   9.63842338e-02], Tstd = [  9.69887416e-05   1.00357850e-04   8.58064087e+02   2.45518640e-03
   1.80072709e-03] 
heatL = -0.0052422128571876754, heatLstd = 8.299101083633337e-05 
heat12 = -0.005242631314582187, heat12std = 8.348343149858048e-05 
heat23 = 46.25243527472717, heat23std = 42.905512509458454 
heatNN_1 = -0.0032455845746051423, heatNN_1std = 0.00035809385243103947 
heatR = 0.003246882130381427, heatRstd = 0.0003714588871132471 
