This run uses mins 54.430817631880444 
amplitude = 0.1 
omega drive = 1.0 
gammal = 1.0 
gammar = 1.0 
time step = 0.001 
T = [  5.14589919e-02   5.15087276e-02   2.45834303e+03   9.64986471e-02
   9.68102982e-02], Tstd = [  9.97049780e-04   1.35477525e-03   2.54507322e+03   2.25616983e-03
   1.48165131e-03] 
heatL = -0.0012587169882185376, heatLstd = 0.0003356484513036404 
heat12 = -0.0012547758764437564, heat12std = 0.0003372781769644406 
heat23 = 122.95140327026384, heat23std = 127.25094361703827 
heatNN_1 = -0.0033515117747890326, heatNN_1std = 0.0003793263377882696 
heatR = 0.003342092731860466, heatRstd = 0.0003772860407211019 
