This run uses mins 35.248785281181334 
amplitude = 0.1 
omega drive = 1.0 
gammal = 1.0 
gammar = 1.0 
time step = 0.001 
T = [  8.42213261e-03   8.33539924e-03   2.22642725e+03   9.65497598e-02
   9.69146610e-02], Tstd = [  6.67560887e-05   8.44634244e-05   4.21781911e+03   2.73100503e-03
   1.72595989e-03] 
heatL = -0.005415359671172834, heatLstd = 5.9168763050366274e-05 
heat12 = -0.005416078797524281, heat12std = 5.864597996878074e-05 
heat23 = 111.31505842044392, heat23std = 210.87888068472236 
heatNN_1 = -0.003319984012288718, heatNN_1std = 0.0004881370232986172 
heatR = 0.0033188919769383384, heatRstd = 0.0004887574466026836 
