This run uses mins 53.391195968786874 
amplitude = 0.1 
omega drive = 1.0 
gammal = 1.0 
gammar = 1.0 
time step = 0.001 
T = [  1.38861362e-02   1.37353496e-02   2.05454250e+03   9.51269737e-02
   9.59805955e-02], Tstd = [  1.57652332e-04   1.90495252e-04   2.36387122e+03   2.06197825e-03
   1.31927799e-03] 
heatL = -0.004874228224245439, heatLstd = 0.00014419159607385263 
heat12 = -0.004873638070475563, heat12std = 0.00014370098869273716 
heat23 = 102.72853241697301, heat23std = 118.19116312231597 
heatNN_1 = -0.00326433601183216, heatNN_1std = 0.0005053299039697611 
heatR = 0.0032629805045808146, heatRstd = 0.0005099936387336399 
