This run uses mins 32.58691338698069 
amplitude = 0.1 
omega drive = 1.0 
gammal = 1.0 
gammar = 1.0 
time step = 0.001 
T = [  7.33854373e-01   7.31377528e-01   1.33836871e+04   9.93260078e-02
   9.95752300e-02], Tstd = [  1.63880896e-02   1.89629717e-02   1.39897932e+04   2.67969035e-03
   2.04912259e-03] 
heatL = 0.06392269500253818, heatLstd = 0.0019359600693150186 
heat12 = 0.0639333749441133, heat12std = 0.001880998347010901 
heat23 = 669.5111007122405, heat23std = 699.8925833550754 
heatNN_1 = -0.00027585215025403273, heatNN_1std = 0.0005703678723691866 
heatR = 0.00026872596682339916, heatRstd = 0.0005682728786238067 
