This run uses mins 52.89136939843495 
amplitude = 0.1 
omega drive = 1.0 
gammal = 1.0 
gammar = 1.0 
time step = 0.001 
T = [  6.43882198e-01   6.42215987e-01   1.03040283e+04   9.93427434e-02
   9.90009667e-02], Tstd = [  1.38479818e-02   1.95685194e-02   1.68788696e+04   2.66764245e-03
   1.83405581e-03] 
heatL = 0.055193962258300734, heatLstd = 0.0020892740522153335 
heat12 = 0.05513107577559623, heat12std = 0.002096254093195997 
heat23 = 515.5360142163196, heat23std = 844.4741907374556 
heatNN_1 = -0.0007504561296856987, heatNN_1std = 0.0006259357609235477 
heatR = 0.0007486495709564286, heatRstd = 0.000628581088817657 
