This run uses mins 33.46360544761022 
amplitude = 0.1 
omega drive = 1.0 
gammal = 1.0 
gammar = 1.0 
time step = 0.001 
T = [  1.21028419e-02   1.19877352e-02   1.72823748e+03   9.64313108e-02
   9.69426469e-02], Tstd = [  1.55134696e-04   1.82866246e-04   1.85479191e+03   2.29629242e-03
   1.69360918e-03] 
heatL = -0.005055002810041015, heatLstd = 0.00011441321925516812 
heat12 = -0.005055512832483206, heat12std = 0.00011445864787985463 
heat23 = 86.41191391626374, heat23std = 92.75175783035552 
heatNN_1 = -0.0033744045452111884, heatNN_1std = 0.0004491358119683403 
heatR = 0.003368854397184163, heatRstd = 0.0004474582728475279 
