This run uses mins 55.99284611145655 
amplitude = 0.1 
omega drive = 1.0 
gammal = 1.0 
gammar = 1.0 
time step = 0.001 
T = [  1.47370854e-02   1.46585361e-02   2.05805233e+03   9.59870432e-02
   9.60346024e-02], Tstd = [  1.89531495e-04   2.53786425e-04   2.04575730e+03   2.27058349e-03
   2.03953007e-03] 
heatL = -0.004867764474795547, heatLstd = 0.00012638993945666405 
heat12 = -0.004868126997025791, heat12std = 0.00012614334395313122 
heat23 = 102.90098145108374, heat23std = 102.2904861883134 
heatNN_1 = -0.003335697639747077, heatNN_1std = 0.0005485676520185255 
heatR = 0.0033455434794945047, heatRstd = 0.0005490089712510803 
