This run uses mins 57.710469142595926 
amplitude = 0.1 
omega drive = 1.0 
gammal = 1.0 
gammar = 1.0 
time step = 0.001 
T = [  2.38763183e-02   2.36847237e-02   2.05637388e+03   9.69136029e-02
   9.72145595e-02], Tstd = [  3.07283174e-04   4.12914242e-04   2.45579912e+03   2.74035446e-03
   2.32665115e-03] 
heatL = -0.003933324096701506, heatLstd = 0.00018596345575605286 
heat12 = -0.003933896437012045, heat12std = 0.00018672965752194586 
heat23 = 102.84058953235537, heat23std = 122.78436610415675 
heatNN_1 = -0.00336786741338907, heatNN_1std = 0.00047045418262634686 
heatR = 0.0033682581380252235, heatRstd = 0.00046926273248119426 
