This run uses mins 62.51420628229777 
amplitude = 0.1 
omega drive = 1.0 
gammal = 1.0 
gammar = 1.0 
time step = 0.001 
T = [  7.83826300e-02   7.79649374e-02   3.41337487e+03   9.71150316e-02
   9.71097616e-02], Tstd = [  1.39291578e-03   2.24394437e-03   5.39152547e+03   2.93480310e-03
   1.47466193e-03] 
heatL = 0.0012652337572628815, heatLstd = 0.0004483862039200369 
heat12 = 0.0012673052425737472, heat12std = 0.00044795144134806935 
heat23 = 170.6788745148816, heat23std = 269.62843988106357 
heatNN_1 = -0.0031184011344990207, heatNN_1std = 0.0004432317463891003 
heatR = 0.003116269666231824, heatRstd = 0.0004467526335077384 
