This run uses mins 35.323122731844585 
amplitude = 0.1 
omega drive = 1.0 
gammal = 1.0 
gammar = 1.0 
time step = 0.001 
T = [  1.88433718e-01   1.88545347e-01   4.79637769e+03   9.69684022e-02
   9.69376633e-02], Tstd = [  3.63846289e-03   4.99938633e-03   5.73471760e+03   2.10818537e-03
   1.95445428e-03] 
heatL = 0.01183769358820693, heatLstd = 0.0008143993402460848 
heat12 = 0.011846194803636509, heat12std = 0.0007924051225817318 
heat23 = 239.86887521205063, heat23std = 286.8532396701583 
heatNN_1 = -0.0026120843621054274, heatNN_1std = 0.00042212660590001754 
heatR = 0.0026112501214802537, heatRstd = 0.00041810230784892675 
