This run uses mins 55.92680421670278 
amplitude = 0.1 
omega drive = 1.0 
gammal = 1.0 
gammar = 1.0 
time step = 0.001 
T = [  6.56994786e-03   6.48002034e-03   1.39577435e+03   9.64032008e-02
   9.62737777e-02], Tstd = [  2.28943314e-05   2.92689492e-05   1.54230879e+03   1.73697524e-03
   1.71261656e-03] 
heatL = -0.005588025866058989, heatLstd = 4.3688115734946704e-05 
heat12 = -0.00558853996342986, heat12std = 4.3575936197087805e-05 
heat23 = 69.78193363437732, heat23std = 77.11243674331429 
heatNN_1 = -0.0034612145464234224, heatNN_1std = 0.0005709734657558812 
heatR = 0.0034590485899206372, heatRstd = 0.0005725890256504984 
