This run uses mins 34.24252641995748 
amplitude = 0.1 
omega drive = 1.0 
gammal = 1.0 
gammar = 1.0 
time step = 0.001 
T = [  4.61896501e-01   4.60754891e-01   7.29192361e+03   9.78837432e-02
   9.82867991e-02], Tstd = [  8.01449677e-03   1.15009184e-02   1.02714317e+04   2.72686001e-03
   1.93813686e-03] 
heatL = 0.0376357385850272, heatLstd = 0.0012203352362148054 
heat12 = 0.03763647483760484, heat12std = 0.001192095780094156 
heat23 = 364.94723963630923, heat23std = 514.1506019810657 
heatNN_1 = -0.0014409002676371654, heatNN_1std = 0.0004170855752919916 
heatR = 0.0014377223292567527, heatRstd = 0.00041785354149368776 
