This run uses mins 47.914314738909404 
amplitude = 0.1 
omega drive = 1.0 
gammal = 1.0 
gammar = 1.0 
time step = 0.001 
T = [  9.71170388e-02   9.66791873e-02   3.31628842e+03   9.62720690e-02
   9.68810034e-02], Tstd = [  1.34500602e-03   2.22999368e-03   4.33018292e+03   2.79955875e-03
   2.04124426e-03] 
heatL = 0.0030716104330606024, heatLstd = 0.0005420034527237209 
heat12 = 0.003072769196955337, heat12std = 0.0005393518093862962 
heat23 = 165.87559705694443, heat23std = 216.6807047970635 
heatNN_1 = -0.0031065615859573077, heatNN_1std = 0.0005256028203614147 
heatR = 0.0031076849517720517, heatRstd = 0.0005240957901321526 
