This run uses mins 55.78810799519221 
amplitude = 0.1 
omega drive = 1.0 
gammal = 1.0 
gammar = 1.0 
time step = 0.001 
T = [  3.70097180e-01   3.65840375e-01   7.57497209e+03   9.67007932e-02
   9.77408040e-02], Tstd = [  7.25196078e-03   9.59933121e-03   6.83084520e+03   2.38474361e-03
   1.65670405e-03] 
heatL = 0.0286731925046106, heatLstd = 0.0011628742336780389 
heat12 = 0.028664012321817877, heat12std = 0.0011559567976295367 
heat23 = 379.07367786754776, heat23std = 341.7972712295077 
heatNN_1 = -0.0016573031182462016, heatNN_1std = 0.0005658673150898059 
heatR = 0.0016553825543258929, heatRstd = 0.0005619368496626757 
