This run uses mins 61.78487652540207 
amplitude = 0.1 
omega drive = 1.0 
gammal = 1.0 
gammar = 1.0 
time step = 0.001 
T = [  9.69108477e-02   9.71494008e-02   2.03449260e+03   9.72569799e-02
   9.74643607e-02], Tstd = [  1.57216739e-03   2.87089984e-03   2.72576551e+03   2.51763129e-03
   2.02600091e-03] 
heatL = 0.00301851805482908, heatLstd = 0.00042504943054128957 
heat12 = 0.0030132876747902717, heat12std = 0.0004256147558500681 
heat23 = 101.7293668106958, heat23std = 136.32648357330726 
heatNN_1 = -0.00305932984056378, heatNN_1std = 0.0003571148410155405 
heatR = 0.0030526149922357436, heatRstd = 0.00035383196481702725 
