This run uses mins 60.510803667704266 
amplitude = 0.1 
omega drive = 1.0 
gammal = 1.0 
gammar = 1.0 
time step = 0.001 
T = [  1.11225002e-02   1.10142807e-02   1.80144192e+03   9.50230346e-02
   9.59561874e-02], Tstd = [  1.01099634e-04   1.83346124e-04   2.04082088e+03   1.99440980e-03
   1.61480222e-03] 
heatL = -0.005116641061250212, heatLstd = 0.00011517826664863143 
heat12 = -0.005117002451879721, heat12std = 0.00011557916256075102 
heat23 = 90.08120018467844, heat23std = 102.06187566740408 
heatNN_1 = -0.0032873973882233207, heatNN_1std = 0.00038159401176663174 
heatR = 0.0032888499959635776, heatRstd = 0.0003830094672596247 
