This run uses mins 52.763930694262186 
amplitude = 0.1 
omega drive = 1.0 
gammal = 1.0 
gammar = 1.0 
time step = 0.001 
T = [  5.55661314e-01   5.50843156e-01   6.89293888e+03   9.82350299e-02
   9.88843581e-02], Tstd = [  1.04643203e-02   1.32041928e-02   6.48050266e+03   2.56381499e-03
   1.76090393e-03] 
heatL = 0.046538158846134985, heatLstd = 0.0015009708574270982 
heat12 = 0.04656329461396485, heat12std = 0.0014772142159791707 
heat23 = 344.6635879737615, heat23std = 323.99089446207483 
heatNN_1 = -0.0009225576715849193, heatNN_1std = 0.0005486762727117563 
heatR = 0.0009256334455725789, heatRstd = 0.0005512274575053709 
