This run uses mins 53.09205108086268 
amplitude = 0.1 
omega drive = 1.0 
gammal = 1.0 
gammar = 1.0 
time step = 0.001 
T = [  3.31466068e-02   3.30176904e-02   2.18767364e+03   9.62970527e-02
   9.67085987e-02], Tstd = [  5.09326846e-04   7.55930386e-04   1.68622810e+03   2.29879627e-03
   1.74210795e-03] 
heatL = -0.0030866727915377784, heatLstd = 0.00021669793138067803 
heat12 = -0.0030842401765502204, heat12std = 0.00021476682136009324 
heat23 = 109.37795175152803, heat23std = 84.29790799066099 
heatNN_1 = -0.0032986448486339074, heatNN_1std = 0.00045834239372369594 
heatR = 0.0032962901755624802, heatRstd = 0.00045954837729744166 
