This run uses mins 60.580298634370166 
amplitude = 0.1 
omega drive = 1.0 
gammal = 1.0 
gammar = 1.0 
time step = 0.001 
T = [  7.48856494e-03   7.38088866e-03   1.65954809e+03   9.62509691e-02
   9.63017920e-02], Tstd = [  4.32931558e-05   7.07424273e-05   1.55099990e+03   2.14515561e-03
   1.47919444e-03] 
heatL = -0.005508020216167354, heatLstd = 6.151620484191872e-05 
heat12 = -0.0055088245130669134, heat12std = 6.151050059404586e-05 
heat23 = 82.97935759627296, heat23std = 77.55876537175973 
heatNN_1 = -0.003483316119800369, heatNN_1std = 0.000469720918418123 
heatR = 0.0034858857991352556, heatRstd = 0.0004652066221307699 
