This run uses mins 48.858624025185904 
amplitude = 0.1 
omega drive = 1.0 
gammal = 1.0 
gammar = 1.0 
time step = 0.001 
T = [  9.31156675e-03   9.19111422e-03   1.43009841e+03   9.63663667e-02
   9.72440039e-02], Tstd = [  8.07068254e-05   1.11765647e-04   1.27435643e+03   3.09316254e-03
   2.03273778e-03] 
heatL = -0.0053230838359489595, heatLstd = 8.784416207827247e-05 
heat12 = -0.005323998695631336, heat12std = 8.767129282500766e-05 
heat23 = 71.50636327797845, heat23std = 63.72396107830636 
heatNN_1 = -0.0034241376664592657, heatNN_1std = 0.0005173471777539962 
heatR = 0.0034176870575148843, heatRstd = 0.0005230234852060941 
