This run uses mins 64.22908095518748 
amplitude = 0.1 
omega drive = 1.0 
gammal = 1.0 
gammar = 1.0 
time step = 0.001 
T = [  6.97320671e-02   6.94356244e-02   1.65544039e+03   9.71850076e-02
   9.74258441e-02], Tstd = [  1.31157713e-03   1.57401443e-03   2.04709018e+03   2.14420734e-03
   1.85125241e-03] 
heatL = 0.00031509765753936857, heatLstd = 0.00046826676488793934 
heat12 = 0.00030957702172911174, heat12std = 0.0004693439648250946 
heat23 = 82.78604735261018, heat23std = 102.33475506594132 
heatNN_1 = -0.003138524283730693, heatNN_1std = 0.0005627446674521635 
heatR = 0.003132865409587565, heatRstd = 0.0005654204629110789 
