This run uses mins 34.39759265979131 
amplitude = 0.1 
omega drive = 1.0 
gammal = 1.0 
gammar = 1.0 
time step = 0.001 
T = [  1.29653388e-02   1.28508118e-02   1.22516835e+03   9.77297804e-02
   9.75830394e-02], Tstd = [  1.29245045e-04   2.27367638e-04   1.53292771e+03   2.19563063e-03
   1.45904922e-03] 
heatL = -0.005007249400005014, heatLstd = 0.00013452113884938487 
heat12 = -0.005008001431084551, heat12std = 0.00013523594615587925 
heat23 = 61.24208579689028, heat23std = 76.62701060398685 
heatNN_1 = -0.003486948881307491, heatNN_1std = 0.0006152937507148755 
heatR = 0.0034842742219792383, heatRstd = 0.0006204254978144034 
