This run uses mins 33.60471229950587 
amplitude = 0.1 
omega drive = 1.0 
gammal = 1.0 
gammar = 1.0 
time step = 0.001 
T = [  8.81887228e-02   8.79213409e-02   1.74703244e+03   9.67904305e-02
   9.72078450e-02], Tstd = [  2.05165808e-03   2.48019184e-03   2.49210071e+03   2.68954189e-03
   1.83278801e-03] 
heatL = 0.002290469325605214, heatLstd = 0.0003659350773276539 
heat12 = 0.002288824507727673, heat12std = 0.00037231941423562147 
heat23 = 87.34968290819324, heat23std = 124.62482439171484 
heatNN_1 = -0.0031846520467475204, heatNN_1std = 0.0004325439203160984 
heatR = 0.003192265176067711, heatRstd = 0.00043181746972506524 
