This run uses mins 32.70377716223399 
amplitude = 0.1 
omega drive = 1.0 
gammal = 1.0 
gammar = 1.0 
time step = 0.001 
T = [  8.27547867e-01   8.24978996e-01   1.87766623e+04   9.93611025e-02
   9.96497764e-02], Tstd = [  1.62584571e-02   1.93247654e-02   1.73288075e+04   2.71754553e-03
   1.50933767e-03] 
heatL = 0.07295645733683025, heatLstd = 0.0022601769466651113 
heat12 = 0.07303569669579409, heat12std = 0.0022205210630965914 
heat23 = 939.2971425554528, heat23std = 867.0511608571494 
heatNN_1 = -0.00011467548560801751, heatNN_1std = 0.0007059630803012937 
heatR = 0.00011805089083781429, heatRstd = 0.000706772865656429 
