This run uses mins 52.84563638369242 
amplitude = 0.1 
omega drive = 1.0 
gammal = 1.0 
gammar = 1.0 
time step = 0.001 
T = [  1.47552945e-02   1.46235183e-02   2.21801731e+03   9.59722656e-02
   9.61761770e-02], Tstd = [  1.70383263e-04   2.86314741e-04   3.18202264e+03   1.89226890e-03
   1.25808734e-03] 
heatL = -0.004776034229302295, heatLstd = 0.00014565145149498482 
heat12 = -0.00477586715348896, heat12std = 0.00014475072624245346 
heat23 = 110.89368571754954, heat23std = 159.10265347309058 
heatNN_1 = -0.0031883603958621533, heatNN_1std = 0.00033422668156957375 
heatR = 0.003181246617909654, heatRstd = 0.00033677150709561575 
