This run uses mins 54.01546012163162 
amplitude = 0.1 
omega drive = 1.0 
gammal = 1.0 
gammar = 1.0 
time step = 0.001 
T = [  2.79898097e-01   2.78255077e-01   5.72102216e+03   9.76503739e-02
   9.80448707e-02], Tstd = [  4.56831090e-03   8.12630698e-03   6.89483127e+03   1.94609596e-03
   1.60184431e-03] 
heatL = 0.020215400377469595, heatLstd = 0.0010813399462974607 
heat12 = 0.02022633975773584, heat12std = 0.0010602819381496753 
heat23 = 286.2935262122655, heat23std = 344.97433983887856 
heatNN_1 = -0.0023540616076437415, heatNN_1std = 0.00048091795552688107 
heatR = 0.0023494837472260908, heatRstd = 0.000483295248340147 
