This run uses mins 45.37379912932714 
amplitude = 0.1 
omega drive = 1.0 
gammal = 1.0 
gammar = 1.0 
time step = 0.001 
T = [  9.15921535e-01   9.11463708e-01   1.87146390e+04   1.00648003e-01
   1.00746962e-01], Tstd = [  1.58843384e-02   2.42728693e-02   2.55201230e+04   2.86134221e-03
   1.88282740e-03] 
heatL = 0.0810566741491101, heatLstd = 0.0017146414629005805 
heat12 = 0.08101216522340271, heat12std = 0.0016869809199734664 
heat23 = 936.5098396477903, heat23std = 1276.8252581306992 
heatNN_1 = 0.00024040926191006102, heatNN_1std = 0.0005753358068824239 
heatR = -0.00024147016752158843, heatRstd = 0.0005739060218063567 
