This run uses mins 47.55135740041733 
amplitude = 0.1 
omega drive = 1.0 
gammal = 1.0 
gammar = 1.0 
time step = 0.001 
T = [ 0.00528222  0.0051829   0.10439975  0.0051829   0.00528222], Tstd = [ 0.  0.  0.  0.  0.] 
heatL = -0.00528222146147594, heatLstd = 0.0 
heat12 = -0.005282588991473829, heat12std = 8.673617379884035e-19 
heatR = -0.00528222146147594, heatRstd = 0.0 
