This run uses mins 42.893967072168984 
amplitude = 0.1 
omega drive = 0.1 
gammal = 1.0 
gammar = 1.0 
time step = 0.001 
T = [  4.97750523e-05   4.98150275e-05   2.06992644e-02   4.98150275e-05
   4.97750523e-05], Tstd = [ 0.  0.  0.  0.  0.] 
heatL = -4.9775054438071025e-05, heatLstd = 0.0 
heat12 = -4.979215176648303e-05, heat12std = 6.776263578034403e-21 
heatR = -4.9775054438071025e-05, heatRstd = 0.0 
