This run uses mins 48.240611680348714 
amplitude = 0.1 
omega drive = 2.0 
gammal = 1.0 
gammar = 1.0 
time step = 0.001 
T = [ 0.02551771  0.02355284  0.41563735  0.02355284  0.02551771], Tstd = [  0.00000000e+00   0.00000000e+00   5.55111512e-17   0.00000000e+00
   0.00000000e+00] 
heatL = -0.025517687646827696, heatLstd = 3.469446951953614e-18 
heat12 = -0.025525198229346336, heat12std = 0.0 
heatR = -0.025517687646827696, heatRstd = 3.469446951953614e-18 
