This run uses mins 42.59207407633463 
amplitude = 0.1 
omega drive = 15.0 
gammal = 1.0 
gammar = 1.0 
time step = 0.001 
T = [ 2.34586049  3.70840185  0.64614279  3.70840185  2.34586049], Tstd = [  0.00000000e+00   4.44089210e-16   0.00000000e+00   4.44089210e-16
   0.00000000e+00] 
heatL = -2.3457286752138513, heatLstd = 0.0 
heat12 = -2.3462597666535996, heat12std = 0.0 
heatR = -2.3457286752138513, heatRstd = 0.0 
