This run uses mins 13.944645090897877 
amplitude = 0.1 
omega drive = 1.0 
gammal = 1.0 
gammar = 1.0 
time step = 0.001 
T = [  5.30477560e-03   5.20502772e-03   9.50157593e+01   1.50962454e-02
   1.52133917e-02], Tstd = [  0.00000000e+00   0.00000000e+00   9.42537004e+00   5.80672444e-04
   2.59804798e-04] 
heatL = -0.005304773790750815, heatLstd = 0.0 
heat12 = -0.0053051472951227635, heat12std = 0.0 
heat23 = -0.0026482073598265692, heat23std = 0.0003395083429300887 
heatNN_1 = 0.005326992522573256, heatNN_1std = 1.825375888491994e-05 
heatR = -0.00532843034554954, heatRstd = 1.7811214086066972e-05 
