This run uses mins 58.07722478707631 
amplitude = 0.1 
omega drive = 1.0 
gammal = 1.0 
gammar = 1.0 
time step = 0.001 
T = [ 0.04965172  0.05035627  0.05041408  0.05032024  0.05078897], Tstd = [ 0.00078976  0.00117     0.00175173  0.00119751  0.00076263] 
heatL = -0.0496504681929568, heatLstd = 0.0007897397274080463 
heat12 = -0.04966399901498201, heat12std = 0.0007965244890627821 
heat23 = -0.0496808339339746, heat23std = 0.0007995986521290648 
heatNN_1 = -0.049670454075435966, heatNN_1std = 0.0008086400943819269 
heatR = 0.04965671709889535, heatRstd = 0.0008080728392455904 
