This run uses mins 53.9263849457105 
amplitude = 0.1 
omega drive = 1.0 
gammal = 1.0 
gammar = 1.0 
time step = 0.001 
T = [  5.32051094e-03   5.22152626e-03   1.16807607e+02   1.43173549e-02
   1.44311375e-02], Tstd = [  1.25936299e-06   1.60626859e-06   1.31747170e+02   2.37854441e-04
   1.59650265e-04] 
heatL = -0.00532050818894626, heatLstd = 1.2593370202030408e-06 
heat12 = -0.005320896368462484, heat12std = 1.2616504471843566e-06 
heat23 = 5.837425896781766, heat23std = 6.5872757541244775 
heatNN_1 = 0.004396348134069712, heatNN_1std = 0.00013155215365046296 
heatR = -0.00439733948829456, heatRstd = 0.0001304919916916168 
