This run uses mins 13.305797278881073 
amplitude = 0.1 
omega drive = 1.0 
gammal = 1.0 
gammar = 1.0 
time step = 0.001 
T = [  5.30477560e-03   5.20502772e-03   1.13083574e+02   1.07564502e-01
   1.06068938e-01], Tstd = [  0.00000000e+00   0.00000000e+00   5.98403094e+01   1.76516338e-03
   7.77486185e-04] 
heatL = -0.005304773790750815, heatLstd = 0.0 
heat12 = -0.0053051472951227635, heat12std = 0.0 
heat23 = -0.0023505972404720614, heat23std = 0.0004132483945784027 
heatNN_1 = 0.005543700866136446, heatNN_1std = 0.000722931946138288 
heatR = -0.005543223696443298, heatRstd = 0.0007030977508225046 
