This run uses mins 57.60574804147085 
amplitude = 0.1 
omega drive = 1.0 
gammal = 1.0 
gammar = 1.0 
time step = 0.001 
T = [  5.66486543e-03   5.57069575e-03   1.18341203e+03   9.68698068e-02
   9.67635280e-02], Tstd = [  1.12882229e-05   1.47865544e-05   1.05278774e+03   2.20581021e-03
   1.77745755e-03] 
heatL = -0.005664854001662872, heatLstd = 1.1288046377645603e-05 
heat12 = -0.005665285994477989, heat12std = 1.1473059934788769e-05 
heat23 = 59.16770777184559, heat23std = 52.639074414686156 
heatNN_1 = -0.0034130435485487665, heatNN_1std = 0.0006086706549635578 
heatR = 0.003407034510659953, heatRstd = 0.0006127389015275577 
