This run uses mins 57.84818475246429 
amplitude = 0.1 
omega drive = 1.0 
gammal = 1.0 
gammar = 1.0 
time step = 0.001 
T = [ 0.00492877  0.00493753  0.00493707  0.00494221  0.00503615], Tstd = [  5.77820170e-05   9.59297524e-05   9.85184979e-05   9.67008946e-05
   6.39668421e-05] 
heatL = -0.004928648817396055, heatLstd = 5.778125542053849e-05 
heat12 = -0.004929688135042492, heat12std = 5.774098498775278e-05 
heat23 = -0.0049305515617389896, heat23std = 5.767098492428391e-05 
heatNN_1 = -0.004928931140950498, heatNN_1std = 5.734029753174293e-05 
heatR = 0.0049276274828716216, heatRstd = 5.702677926988882e-05 
