This run uses mins 16.223166302839914 
amplitude = 0.1 
omega drive = 1.0 
gammal = 1.0 
gammar = 1.0 
time step = 0.001 
T = [  5.30477560e-03   5.20502772e-03   2.35276517e+05   9.57581163e+00
   9.84138639e+00], Tstd = [  0.00000000e+00   0.00000000e+00   1.86021635e+05   2.34407662e-02
   6.73428334e-02] 
heatL = -0.005304773790750815, heatLstd = 0.0 
heat12 = -0.0053051472951227635, heat12std = 0.0 
heat23 = -0.012854639504621223, heat23std = 0.007386108983740119 
heatNN_1 = 0.0071489035581982765, heatNN_1std = 0.000345673308783755 
heatR = -0.00835847280984667, heatRstd = 0.0007976201587631634 
