This run uses mins 64.80994386672974 
amplitude = 0.1 
omega drive = 1.0 
gammal = 1.0 
gammar = 1.0 
time step = 0.001 
T = [  9.12847703e-03   9.09156445e-03   1.07813901e+04   9.25488355e-01
   9.22931628e-01], Tstd = [  7.08791916e-05   1.26495825e-04   1.08685807e+04   2.01832318e-02
   1.34675852e-02] 
heatL = -0.009128377933696882, heatLstd = 7.087669896013896e-05 
heat12 = -0.009128867247381963, heat12std = 7.029852516304589e-05 
heat23 = 539.0664675855803, heat23std = 543.4275812692521 
heatNN_1 = -0.08182760873166915, heatNN_1std = 0.00203675623402581 
heatR = 0.08179922752319846, heatRstd = 0.0019651325552863673 
