This run uses mins 58.14233417113622 
amplitude = 0.1 
omega drive = 1.0 
gammal = 1.0 
gammar = 1.0 
time step = 0.001 
T = [  4.31977861e-02   4.33878156e-02   1.68225407e+05   9.07721866e+00
   9.10129021e+00], Tstd = [  9.97982093e-04   1.42165237e-03   2.30115648e+05   2.19612795e-01
   1.47539503e-01] 
heatL = -0.04319683806213742, heatLstd = 0.0009979587889803508 
heat12 = -0.04320629716213906, heat12std = 0.0010003036973116827 
heat23 = 8411.273082982587, heat23std = 11505.77413681291 
heatNN_1 = -0.8605976074433371, heatNN_1std = 0.014586565325083648 
heatR = 0.8603095119551449, heatRstd = 0.014334621820233984 
