This run uses mins 57.45935035943985 
amplitude = 0.1 
omega drive = 1.0 
gammal = 1.0 
gammar = 1.0 
time step = 0.001 
T = [ 0.49375296  0.4996998   0.49795116  0.50009953  0.504728  ], Tstd = [ 0.00795701  0.01442017  0.01467601  0.01468467  0.00778986] 
heatL = -0.49374060119148927, heatLstd = 0.00795678789955867 
heat12 = -0.493868396012322, heat12std = 0.007968807169410399 
heat23 = -0.4939539046966254, heat23std = 0.007994641829110638 
heatNN_1 = -0.49383129723709973, heatNN_1std = 0.008013995212737319 
heatR = 0.4937013130958517, heatRstd = 0.008035477624628503 
