This run uses mins 36.77286566495896 
amplitude = 0.1 
omega drive = 1.0 
gammal = 1.0 
gammar = 1.0 
time step = 0.001 
T = [ 4.94933231  5.01696234  5.02714999  5.01534953  5.06457608], Tstd = [ 0.0692005   0.13162019  0.15289598  0.13470917  0.0693733 ] 
heatL = -4.949208318564153, heatLstd = 0.06919851380240344 
heat12 = -4.950211112445413, heat12std = 0.06901541061467763 
heat23 = -4.951276793134848, heat23std = 0.06904472705621735 
heatNN_1 = -4.94962403448715, heatNN_1std = 0.06868856544415891 
heatR = 4.948570734960469, heatRstd = 0.06881825713890605 
