This run uses mins 13.03549067179362 
amplitude = 0.1 
omega drive = 1.0 
gammal = 1.0 
gammar = 1.0 
time step = 0.001 
T = [  5.30477560e-03   5.20502772e-03   2.24214165e+03   9.77368360e-01
   9.86876237e-01], Tstd = [  0.00000000e+00   0.00000000e+00   2.86015512e+02   1.22761719e-02
   2.86514398e-03] 
heatL = -0.005304773790750815, heatLstd = 0.0 
heat12 = -0.0053051472951227635, heat12std = 0.0 
heat23 = -8.364533946602888e-05, heat23std = 0.0015977318803926104 
heatNN_1 = 0.004924450973034661, heatNN_1std = 0.0014804751580823798 
heatR = -0.0047306334614159885, heatRstd = 0.0014905939397582952 
