This run uses mins 51.442819221814474 
amplitude = 0.01 
omega drive = 5.0 
gammal = 1.0 
gammar = 1.0 
time step = 0.001 
T = [ 0.01136098  0.00642962  0.14021451  0.00642962  0.01136098], Tstd = [  0.00000000e+00   8.67361738e-19   0.00000000e+00   8.67361738e-19
   0.00000000e+00] 
heatL = -0.011360911126498112, heatLstd = 0.0 
heat12 = -0.011363975954285158, heat12std = 1.734723475976807e-18 
heatR = -0.011360911126498112, heatRstd = 0.0 
