This run uses mins 28.12847708861033 
amplitude = 0.01 
omega drive = 9.0 
gammal = 1.0 
gammar = 1.0 
time step = 0.001 
T = [ 0.0065981   0.00029392  0.03741185  0.00029392  0.0065981 ], Tstd = [  8.67361738e-19   0.00000000e+00   0.00000000e+00   0.00000000e+00
   8.67361738e-19] 
heatL = -0.006597970062301108, heatLstd = 8.673617379884035e-19 
heat12 = -0.006599630034391137, heat12std = 0.0 
heatR = -0.006597970062301108, heatRstd = 8.673617379884035e-19 
