This run uses mins 44.17611490885417 
amplitude = 0.01 
omega drive = 2.0 
gammal = 1.0 
gammar = 1.0 
time step = 0.001 
T = [ 0.00025518  0.00023553  0.00415637  0.00023553  0.00025518], Tstd = [  0.00000000e+00   2.71050543e-20   0.00000000e+00   2.71050543e-20
   0.00000000e+00] 
heatL = -0.0002551768764682756, heatLstd = 0.0 
heat12 = -0.00025525198229344565, heat12std = 0.0 
heatR = -0.0002551768764682756, heatRstd = 0.0 
