This run uses mins 44.523710974057515 
amplitude = 0.01 
omega drive = 3.0 
gammal = 1.0 
gammar = 1.0 
time step = 0.001 
T = [ 0.00081364  0.00067532  0.01217314  0.00067532  0.00081364], Tstd = [ 0.  0.  0.  0.  0.] 
heatL = -0.0008136410093263867, heatLstd = 1.0842021724855044e-19 
heat12 = -0.0008137981538594274, heat12std = 0.0 
heatR = -0.0008136410093263867, heatRstd = 1.0842021724855044e-19 
