This run uses mins 48.88443432251612 
amplitude = 0.01 
omega drive = 8.0 
gammal = 1.0 
gammar = 1.0 
time step = 0.001 
T = [ 0.01158997  0.00158309  0.085882    0.00158309  0.01158997], Tstd = [  1.73472348e-18   2.16840434e-19   0.00000000e+00   2.16840434e-19
   1.73472348e-18] 
heatL = -0.011589779167595507, heatLstd = 0.0 
heat12 = -0.011591282517403828, heat12std = 0.0 
heatR = -0.011589779167595507, heatRstd = 0.0 
