This run uses mins 14487.25372330745 
amplitude = 0.0 
omega drive = 1.0 
gammal = 1.0 
gammar = 1.0 
time step = 0.001 
T = [ 0.50020429  0.4998861   0.49981356  0.49986748  0.50020081], Tstd = [ 0.00070387  0.00108083  0.00156509  0.00107406  0.00071642] 
heatL = -6.463403513189496e-05, heatLstd = 0.000701564236311555 
heat12 = -6.509494077815504e-05, heat12std = 0.0007014634137300426 
heat23 = -5.3022169042838675e-05, heat23std = 0.000701387129514189 
heatNN_1 = -4.0898520665988447e-05, heatNN_1std = 0.0007007307480076275 
heatR = 4.119937484263782e-05, heatRstd = 0.0007002703717867453 
