This run uses mins 175.25379065275192 
amplitude = 0.001 
omega drive = 1.0 
gammal = 1.0 
gammar = 1.0 
time step = 0.001 
T = [ 2.72838404  2.74426256  2.74378062  2.74382805  2.77719667], Tstd = [ 0.00994586  0.01484238  0.01646799  0.0158216   0.01014078] 
heatL = -2.2294455228141943, heatLstd = 0.007792507317107989 
heat12 = -2.2300067718615044, heat12std = 0.007817205935966286 
heat23 = -2.2305034978981184, heat23std = 0.007811581720298588 
heatNN_1 = -2.2298663153602565, heatNN_1std = 0.007798027588373647 
heatR = 2.2293039793265534, heatRstd = 0.0077983470216414046 
