This run uses mins 1383.599995779991 
amplitude = 0.0 
omega drive = 1.0 
gammal = 1.0 
gammar = 1.0 
time step = 0.001 
T = [ 2.52908226  2.50070563  2.50013797  2.5008922   2.47472921], Tstd = [ 0.00378298  0.00784134  0.01085309  0.00788964  0.00407024] 
heatL = 2.4745536994626733, heatLstd = 0.004082639704132387 
heat12 = 2.4751689127330008, heat12std = 0.00407553713480578 
heat23 = 2.475845049107504, heat23std = 0.004068375334526542 
heatNN_1 = 2.475285658987388, heatNN_1std = 0.004068808614231558 
heatR = -2.4746672623697754, heatRstd = 0.004070131529789381 
