This run uses mins 1043.1851784149806 
gammal = 1.0 
gammar = 1.0 
time step = 0.001 
T = [ 328.33750148  328.3876506 ], Tstd = [ 1.65898334  1.66070727] 
heatL = -0.22174979327285463, heatLstd = 0.012207292447180133 
heat12 = -0.20839658943419428, heat12std = 0.012271710393634509 
heatR = 0.1950144398498447, heatRstd = 0.012271203047569353 
