This run uses mins 1.2677658240000407 
gammal = 1.0 
gammar = 0.0 
time step = 0.001 
T = [  1.40373104e-21   8.98921366e-21   1.16205641e-20   4.95092410e-21
   0.00000000e+00], Tstd = [  0.00000000e+00   1.50463277e-36   1.50463277e-36   0.00000000e+00
   0.00000000e+00] 
heatL = -1.166026409576609e-23, heatLstd = 0.0 
heat12 = -1.0071198961199863e-23, heat12std = 1.4693679385278594e-39 
heatR = 0.0, heatRstd = 0.0 
