This run uses mins 1408.6128951748212 
amplitude = 0.0 
omega drive = 1.0 
gammal = 1.0 
gammar = 0.0 
time step = 0.001 
T = [ 5.00558314  5.00229523  5.00276554  5.00226475  5.00069428], Tstd = [ 0.00986187  0.01449762  0.02156627  0.01447573  0.0099102 ] 
heatL = -0.00011562610215083225, heatLstd = 5.4588505690834354e-05 
heat12 = -0.00011755686923421629, heat12std = 3.5903576076944216e-05 
heat23 = -6.331022305975784e-07, heat23std = 2.292499001601967e-05 
heatNN_1 = -3.5321695656096145e-06, heatNN_1std = 1.0119084990618038e-05 
heatR = 0.0, heatRstd = 0.0 
