This run uses mins 40.794209277629854 
amplitude = 1.0 
omega drive = 0.1 
gammal = 1.0 
gammar = 1.0 
time step = 0.001 
T = [ 0.00500466  0.00500868  0.0050067   0.00500373  0.00574498], Tstd = [  0.00000000e+00   0.00000000e+00   0.00000000e+00   0.00000000e+00
   8.67361738e-19] 
heatL = -0.005004658210347718, heatLstd = 0.0 
heat12 = -0.005006377084567972, heat12std = 0.0 
heatR = -0.005744978123273102, heatRstd = 0.0 
