This run uses mins 430.5998485724131 
amplitude = 1.0 
omega drive = 7.0 
gammal = 1.0 
gammar = 1.0 
time step = 0.001 
T = [ 21.54122543   5.72483303   1.3729788   15.99193661   4.11619211], Tstd = [  0.00000000e+00   0.00000000e+00   2.22044605e-16   0.00000000e+00
   0.00000000e+00] 
heatL = -21.54096135096553, heatLstd = 0.0 
heat12 = -21.546030054000568, heat12std = 0.0 
heatR = -4.116141648672903, heatRstd = 0.0 
