This run uses mins 487.7703559358915 
amplitude = 1.0 
omega drive = 15.0 
gammal = 1.0 
gammar = 1.0 
time step = 0.001 
T = [  951.5195021   1504.19163694   452.34765469  1938.5970711    229.84423898], Tstd = [  0.00000000e+00   2.27373675e-13   5.68434189e-14   0.00000000e+00
   0.00000000e+00] 
heatL = -951.4659781247127, heatLstd = 0.0 
heat12 = -951.701750672912, heat12std = 0.0 
heatR = -229.83131055537774, heatRstd = 0.0 
