This run uses mins 377.6120664517085 
amplitude = 1.0 
omega drive = 5.0 
gammal = 1.0 
gammar = 1.0 
time step = 0.001 
T = [ 27.23204765  15.41165312   2.87799591   1.40859531  90.76860877], Tstd = [ 0.  0.  0.  0.  0.] 
heatL = -27.231877174391332, heatLstd = 3.552713678800501e-15 
heat12 = -27.23820811084426, heat12std = 0.0 
heatR = -90.76804065602066, heatRstd = 1.4210854715202004e-14 
