This run uses mins 464.4339387893677 
amplitude = 1.0 
omega drive = 2.0 
gammal = 1.0 
gammar = 1.0 
time step = 0.001 
T = [  5.09309622   4.70092098   3.97093902   3.02387381  53.75956653], Tstd = [  0.00000000e+00   0.00000000e+00   4.44089210e-16   4.44089210e-16
   0.00000000e+00] 
heatL = -5.093091123820857, heatLstd = 0.0 
heat12 = -5.094365742945221, heat12std = 0.0 
heatR = -53.75951276633194, heatRstd = 0.0 
