This run uses mins 35.612586335341135 
amplitude = 1.0 
omega drive = 10.0 
gammal = 1.0 
gammar = 1.0 
time step = 0.001 
T = [ 4131.89694009    41.31781656  4168.99918139  4136.09845734  4131.82930216], Tstd = [ 0.  0.  0.  0.  0.] 
heatL = -4131.794054964525, heatLstd = 0.0 
heat12 = -4133.249937350438, heat12std = 0.0 
heatR = -4131.726418717867, heatRstd = 0.0 
