This run uses mins 532.762688612938 
amplitude = 1.0 
omega drive = 0.1 
gammal = 1.0 
gammar = 1.0 
time step = 0.001 
T = [ 0.00500478  0.00500879  0.0050068   0.00500382  0.00574171], Tstd = [  0.00000000e+00   0.00000000e+00   0.00000000e+00   0.00000000e+00
   8.67361738e-19] 
heatL = -0.00500477980588555, heatLstd = 0.0 
heat12 = -0.005005941756906522, heat12std = 0.0 
heatR = -0.005741711355931098, heatRstd = 0.0 
