This run uses mins 55.089367218812306 
amplitude = 1.0 
omega drive = 9.0 
gammal = 1.0 
gammar = 1.0 
time step = 0.001 
T = [ 132.09511831    5.88428637   80.51016768  163.28004139   64.9098734 ], Tstd = [  0.00000000e+00   8.88178420e-16   0.00000000e+00   0.00000000e+00
   0.00000000e+00] 
heatL = -132.09244522235122, heatLstd = 0.0 
heat12 = -132.12731072411364, heat12std = 0.0 
heatR = -64.90855997877225, heatRstd = 0.0 
