This run uses mins 44.12890073855718 
amplitude = 1.0 
omega drive = 3.0 
gammal = 1.0 
gammar = 1.0 
time step = 0.001 
T = [  79.459339     65.95040817   43.61281309   20.38662656  711.72568958], Tstd = [  0.00000000e+00   0.00000000e+00   7.10542736e-15   0.00000000e+00
   1.13686838e-13] 
heatL = -79.4591539242457, heatLstd = 0.0 
heat12 = -79.46715733392018, heat12std = 0.0 
heatR = -711.7240550602527, heatRstd = 0.0 
