This run uses mins 28.06524503628413 
amplitude = 1.0 
omega drive = 15.0 
gammal = 1.0 
gammar = 1.0 
time step = 0.001 
T = [  951.51932788  1504.18813143   452.34801554  1938.59327178   229.84367276], Tstd = [  0.00000000e+00   2.27373675e-13   0.00000000e+00   0.00000000e+00
   0.00000000e+00] 
heatL = -951.465868460033, heatLstd = 1.1368683772161603e-13 
heat12 = -951.685516755255, heat12std = 0.0 
heatR = -229.83075953510874, heatRstd = 2.842170943040401e-14 
