This run uses mins 50.49430390993754 
amplitude = 1.0 
omega drive = 6.0 
gammal = 1.0 
gammar = 1.0 
time step = 0.001 
T = [ 19.11696958   7.91580365   0.23329296   6.15569371  24.02260445], Tstd = [  0.00000000e+00   8.88178420e-16   0.00000000e+00   0.00000000e+00
   0.00000000e+00] 
heatL = -19.11679786330757, heatLstd = 0.0 
heat12 = -19.12192486574498, heat12std = 0.0 
heatR = -24.022387735181102, heatRstd = 0.0 
