This run uses mins 53.652286084493 
amplitude = 1.0 
omega drive = 7.0 
gammal = 1.0 
gammar = 1.0 
time step = 0.001 
T = [ 21.54123935   5.7248614    1.37296233  15.99189315   4.11624316], Tstd = [  0.00000000e+00   8.88178420e-16   0.00000000e+00   0.00000000e+00
   0.00000000e+00] 
heatL = -21.540976485675685, heatLstd = 0.0 
heat12 = -21.547885532984665, heat12std = 0.0 
heatR = -4.116192847670628, heatRstd = 0.0 
