This run uses mins 44.572965733210246 
amplitude = 1.0 
omega drive = 2.0 
gammal = 1.0 
gammar = 1.0 
time step = 0.001 
T = [  5.09297213   4.70081019   3.97084921   3.02380921  53.75923065], Tstd = [  0.00000000e+00   0.00000000e+00   4.44089210e-16   4.44089210e-16
   0.00000000e+00] 
heatL = -5.09296713395246, heatLstd = 0.0 
heat12 = -5.094434703548987, heat12std = 0.0 
heatR = -53.759178485985245, heatRstd = 0.0 
