This run uses mins 220.9373560587565 
amplitude = 0 
omega drive = 1.0 
gammal = 1.0 
gammar = 1.0 
time step = 0.001 
T = [  4.98232033e-01   4.97133485e-01   1.21642139e+06   5.00293714e+00
   5.00900184e+00], Tstd = [  3.89394056e-03   4.01690579e-03   1.79371546e+06   4.88730124e-02
   3.62884154e-02] 
heatL = -4.944474232026955e-06, heatLstd = 1.758480114484238e-05 
heat12 = -6.746725907698557e-06, heat12std = 1.3182936844513157e-05 
heat23 = 1.246390917086323, heat23std = 2.7232771677754055 
heatNN_1 = 0.0001594356105051853, heatNN_1std = 0.000119517655602826 
heatR = -0.00015742167936419777, heatRstd = 0.00022531366497102596 
