This run uses mins 539.9955892165502 
gammal = 1.0 
gammar = 1.0 
time step = 0.001 
T = [ 328.45883762  328.51142387], Tstd = [ 1.19335907  1.19718879] 
heatL = -0.22361510362305728, heatLstd = 0.01151937384489332 
heat12 = -0.21017027779393702, heat12std = 0.01159397014357608 
heatR = 0.19670891789903966, heatRstd = 0.011640650016711126 
