This run uses mins 2.8005695581436156 
amplitude = 0.1 
omega drive = 1.0 
gammal = 1.0 
gammar = 1.0 
time step = 0.001 
T = [ 0.00049021  0.00050026  0.00049117  0.00050025  0.00050095], Tstd = [  1.85425032e-05   4.07475726e-05   3.96852389e-05   3.90241894e-05
   1.95174866e-05] 
heatL = -0.0004902005779401142, heatLstd = 1.8541905737147803e-05 
heat12 = -0.0004901513648786707, heat12std = 1.8587220651699034e-05 
heat23 = -0.0004906420429540352, heat23std = 1.8964567279838887e-05 
heatNN_1 = -0.0004904761763104621, heatNN_1std = 1.977292476917853e-05 
heatR = 0.0004898293750050141, heatRstd = 1.9834618053794785e-05 
