This run uses mins 3.0460211316744488 
amplitude = 0.1 
omega drive = 1.0 
gammal = 1.0 
gammar = 1.0 
time step = 0.001 
T = [ 0.00498766  0.00502137  0.00501671  0.00503223  0.0050909 ], Tstd = [ 0.00016919  0.00038347  0.00044409  0.00039134  0.00016279] 
heatL = -0.004987537032422729, heatLstd = 0.0001691875880306827 
heat12 = -0.004988118650080445, heat12std = 0.0001710784421741919 
heat23 = -0.004987310940144494, heat23std = 0.0001708338538525747 
heatNN_1 = -0.004973533800988468, heatNN_1std = 0.00017157046049238537 
heatR = 0.004972429147085648, heatRstd = 0.0001724027361457676 
