This run uses mins 5.703709967931112 
amplitude = 0.1 
omega drive = 1.0 
gammal = 1.0 
gammar = 1.0 
time step = 0.001 
T = [ 0.04909756  0.04979426  0.04899608  0.04969004  0.05021241], Tstd = [ 0.00227367  0.00424192  0.00557929  0.00428522  0.00221147] 
heatL = -0.04909630745613569, heatLstd = 0.002273616258359198 
heat12 = -0.04907020605067144, heat12std = 0.0023079838400611357 
heat23 = -0.0490661398475476, heat23std = 0.002309083086814723 
heatNN_1 = -0.049071038830589365, heatNN_1std = 0.0024007537756953364 
heatR = 0.049049481955438255, heatRstd = 0.002434231986731797 
