This run uses mins 63.5802766084671 
amplitude = 0.1 
omega drive = 1.0 
gammal = 1.0 
gammar = 1.0 
time step = 0.001 
T = [  5.50957477e-03   5.41144718e-03   1.05805537e+03   5.96868420e-02
   5.99316121e-02], Tstd = [  6.49564775e-06   1.00997091e-05   1.50995853e+03   1.56706222e-03
   9.99192753e-04] 
heatL = -0.005509567300154648, heatLstd = 6.495482498737348e-06 
heat12 = -0.005509974044215475, heat12std = 6.486292760444835e-06 
heat23 = 52.89965787510119, heat23std = 75.49795471649824 
heatNN_1 = 0.00012564949201991727, heatNN_1std = 0.00038798965448812216 
heatR = -0.0001295120097513174, heatRstd = 0.0003843921083298543 
