This run uses mins 59.373106074333194 
amplitude = 0.1 
omega drive = 1.0 
gammal = 1.0 
gammar = 1.0 
time step = 0.001 
T = [  5.66360605e-03   5.57087463e-03   2.02684803e+03   9.67729078e-02
   9.66392898e-02], Tstd = [  8.16572415e-06   1.35875497e-05   2.43276907e+03   2.00449398e-03
   1.36298217e-03] 
heatL = -0.005663594626212486, heatLstd = 8.165452987263121e-06 
heat12 = -0.0056640359116434625, heat12std = 8.036015752390678e-06 
heat23 = 101.33906303822255, heat23std = 121.63778812163007 
heatNN_1 = -0.00349905677168688, heatNN_1std = 0.00033655486222422206 
heatR = 0.0034933820471850408, heatRstd = 0.0003445687021407622 
