This run uses mins 63.58074817657471 
amplitude = 0.1 
omega drive = 1.0 
gammal = 1.0 
gammar = 1.0 
time step = 0.001 
T = [  5.58898709e-03   5.48995327e-03   1.27239956e+03   7.78421395e-02
   7.83328038e-02], Tstd = [  1.04540839e-05   1.16889923e-05   1.45362437e+03   1.59989324e-03
   1.55519245e-03] 
heatL = -0.005588977679805236, heatLstd = 1.0453905078452892e-05 
heat12 = -0.005589397227829844, heat12std = 1.0562562436928111e-05 
heat23 = 63.61707044002227, heat23std = 72.68101954707878 
heatNN_1 = -0.0017696235958600042, heatNN_1std = 0.0003864028506919583 
heatR = 0.0017634290627455424, heatRstd = 0.00039061822272327653 
