This run uses mins 31.334790476163228 
amplitude = 0.1 
omega drive = 1.0 
gammal = 1.0 
gammar = 1.0 
time step = 0.001 
T = [  5.32077804e-03   5.22161297e-03   1.36332013e+02   1.42948986e-02
   1.44421156e-02], Tstd = [  1.29251152e-06   1.53643755e-06   1.59640255e+02   2.39369269e-04
   1.84068286e-04] 
heatL = -0.0053207752696348394, heatLstd = 1.2924795486561192e-06 
heat12 = -0.005321130716937958, heat12std = 1.2829800090366094e-06 
heatNN_1 = 0.004395287153357349, heatNN_1std = 0.00013242413328775287 
heatR = -0.004395102607085322, heatRstd = 0.0001328640582120802 
