This run uses mins 55.490875244140625 
amplitude = 0.1 
omega drive = 1.0 
gammal = 1.0 
gammar = 1.0 
time step = 0.001 
T = [  5.39832556e-03   5.29965575e-03   2.33884791e+02   3.26785857e-02
   3.28591018e-02], Tstd = [  3.77933915e-06   4.85159485e-06   2.18802818e+02   6.44790995e-04
   5.21094175e-04] 
heatL = -0.005398320865686688, heatLstd = 3.7792378460372237e-06 
heat12 = -0.005398710062442041, heat12std = 3.745750179022953e-06 
heat23 = 11.69134429793334, heat23std = 10.939955815914548 
heatNN_1 = 0.0026607600052141623, heatNN_1std = 0.00026897621393031274 
heatR = -0.0026604056349281264, heatRstd = 0.0002685726933975472 
