This run uses mins 62.75027847687404 
amplitude = 0.1 
omega drive = 1.0 
gammal = 1.0 
gammar = 1.0 
time step = 0.001 
T = [  5.55016364e-03   5.45424238e-03   8.57909048e+02   6.93744648e-02
   6.94144413e-02], Tstd = [  8.82445055e-06   1.04043044e-05   1.26702869e+03   1.68156378e-03
   1.40119983e-03] 
heatL = -0.005550155086484205, heatLstd = 8.824206301769595e-06 
heat12 = -0.005550532583181692, heat12std = 8.743464815409967e-06 
heat23 = 42.89237791989564, heat23std = 63.35170082075129 
heatNN_1 = -0.0006676921990962939, heatNN_1std = 0.0003877736639792302 
heatR = 0.0006696196381257048, heatRstd = 0.00038917241345499476 
