This run uses mins 46.40799645185471 
amplitude = 0.1 
omega drive = 1.0 
gammal = 1.0 
gammar = 1.0 
time step = 0.001 
T = [  5.32014364e-03   5.22094709e-03   1.58193601e+02   1.42667994e-02
   1.43881363e-02], Tstd = [  9.66157347e-07   1.34093312e-06   1.69527484e+02   1.90436210e-04
   1.27663094e-04] 
heatL = -0.005320140920868389, heatLstd = 9.661356610095412e-07 
heat12 = -0.0053205696326142195, heat12std = 9.668687233103725e-07 
heat23 = 7.9066930800936674, heat23std = 8.476409983119085 
heatNN_1 = 0.004444489810237925, heatNN_1std = 0.00016840702694529268 
heatR = -0.0044444768446628685, heatRstd = 0.00016860176935194643 
