This run uses mins 53.317363329728444 
amplitude = 0.1 
omega drive = 1.0 
gammal = 1.0 
gammar = 1.0 
time step = 0.001 
T = [  5.47493006e-03   5.37729441e-03   4.04275754e+02   5.10739284e-02
   5.12040038e-02], Tstd = [  5.80740248e-06   6.98669137e-06   4.40337994e+02   9.91367915e-04
   8.59101059e-04] 
heatL = -0.005474923417912523, heatLstd = 5.807315022337848e-06 
heat12 = -0.0054752874687462065, heat12std = 5.89262723963184e-06 
heat23 = 20.21070772449332, heat23std = 22.0167286956704 
heatNN_1 = 0.0008951583279194625, heatNN_1std = 0.00029353163898991413 
heatR = -0.0008943672082903327, heatRstd = 0.0002887550312880176 
