This run uses mins 48.11000639597575 
amplitude = 0.1 
omega drive = 1.0 
gammal = 1.0 
gammar = 1.0 
time step = 0.001 
T = [  5.66246332e-03   5.56008585e-03   1.86885565e+03   9.51746306e-02
   9.64353972e-02], Tstd = [  1.54640719e-05   1.50522414e-05   2.72123645e+03   2.26381367e-03
   2.23102535e-03] 
heatL = -0.005662452194543366, heatLstd = 1.5463788071267414e-05 
heat12 = -0.005662932893235418, heat12std = 1.5414655878357388e-05 
heat23 = 93.44023256896578, heat23std = 136.06216509795706 
heatNN_1 = -0.003549887038645174, heatNN_1std = 0.0004990891768892268 
heatR = 0.003556179276012423, heatRstd = 0.0005071664957833953 
