This run uses mins 33.92961477438609 
amplitude = 0.1 
omega drive = 1.0 
gammal = 1.0 
gammar = 1.0 
time step = 0.001 
T = [  5.32032129e-03   5.22112386e-03   2.22606840e+02   1.42532331e-02
   1.44158422e-02], Tstd = [  1.30570732e-06   1.68906180e-06   2.47457785e+02   2.38702962e-04
   1.87452237e-04] 
heatL = -0.005320318547317431, heatLstd = 1.3056750891721412e-06 
heat12 = -0.005320703217278104, heat12std = 1.3075417073646726e-06 
heat23 = 11.127427447588255, heat23std = 12.372892429574742 
heatNN_1 = 0.004390040734096439, heatNN_1std = 0.00012435998175389527 
heatR = -0.004389931600755626, heatRstd = 0.000124673063933304 
