This run uses mins 52.39310828844706 
amplitude = 0.1 
omega drive = 1.0 
gammal = 1.0 
gammar = 1.0 
time step = 0.001 
T = [  5.43365634e-03   5.33577113e-03   6.78585855e+02   4.14964972e-02
   4.16238377e-02], Tstd = [  4.94164995e-06   5.17312394e-06   6.51784882e+02   7.92043314e-04
   7.36499502e-04] 
heatL = -0.005433650724917096, heatLstd = 4.941562973590432e-06 
heat12 = -0.005434009864667896, heat12std = 4.933710625877439e-06 
heat23 = 33.92614157273496, heat23std = 32.58897328767896 
heatNN_1 = 0.0018691148831260142, heatNN_1std = 0.0003394801728870755 
heatR = -0.0018710521863275784, heatRstd = 0.00034187833984542534 
