This run uses mins 31.17116794983546 
amplitude = 0.1 
omega drive = 1.0 
gammal = 1.0 
gammar = 1.0 
time step = 0.001 
T = [  5.28604006e-03   5.18673066e-03   1.73726058e+01   6.09021536e-03
   6.19455840e-03], Tstd = [  1.40825998e-07   1.54938462e-07   2.30032152e+01   2.19082804e-05
   1.93506966e-05] 
heatL = -0.005286038167073785, heatLstd = 1.4081888534732172e-07 
heat12 = -0.0052864092588189105, heat12std = 1.3739950374649887e-07 
heatNN_1 = 0.005190955239055603, heatNN_1std = 3.6581075857074536e-05 
heatR = -0.005190775066600161, heatRstd = 3.662697683970477e-05 
