This run uses mins 29.57664939959844 
amplitude = 0.1 
omega drive = 1.0 
gammal = 1.0 
gammar = 1.0 
time step = 0.001 
T = [  5.28602096e-03   5.18674687e-03   1.21920588e+01   6.09316646e-03
   6.19248930e-03], Tstd = [  1.56238187e-07   1.91893667e-07   1.25493496e+01   2.51486055e-05
   1.83964494e-05] 
heatL = -0.005286019065429879, heatLstd = 1.5623549365870564e-07 
heat12 = -0.005286396893286041, heat12std = 1.6059318535687907e-07 
heat23 = 0.6066758110953637, heat23std = 0.6274684636379675 
heatNN_1 = 0.00519689329285133, heatNN_1std = 4.0709408748984623e-05 
heatR = -0.005196775958427611, heatRstd = 4.072734851638149e-05 
