This run uses mins 54.52339732646942 
amplitude = 0.1 
omega drive = 1.0 
gammal = 1.0 
gammar = 1.0 
time step = 0.001 
T = [  5.35893508e-03   5.26027243e-03   3.94459249e+02   2.34565445e-02
   2.35903704e-02], Tstd = [  2.51479769e-06   3.42872396e-06   5.09618463e+02   5.26202204e-04
   3.57182883e-04] 
heatL = -0.00535893135296022, heatLstd = 2.5147090552356337e-06 
heat12 = -0.005359304963103172, heat12std = 2.4825615097429087e-06 
heat23 = 19.720118999711023, heat23std = 25.48126217633819 
heatNN_1 = 0.003514484722182376, heatNN_1std = 0.00019096947270084739 
heatR = -0.0035136110139141197, heatRstd = 0.00019296458494326657 
