This run uses mins 65.43930282195409 
amplitude = 0.1 
omega drive = 1.0 
gammal = 1.0 
gammar = 1.0 
time step = 0.001 
T = [  5.62355547e-03   5.52503414e-03   1.10754584e+03   8.65590503e-02
   8.70453045e-02], Tstd = [  1.06579547e-05   1.10684441e-05   1.06306841e+03   1.75149200e-03
   1.62896703e-03] 
heatL = -0.005623545262792319, heatLstd = 1.0657758650330943e-05 
heat12 = -0.005624106239856346, heat12std = 1.0638293789591874e-05 
heat23 = 55.37459080115476, heat23std = 53.15352123137114 
heatNN_1 = -0.0025473036754957543, heatNN_1std = 0.0004946217552683573 
heatR = 0.002535177410553569, heatRstd = 0.000503187393072021 
