This run uses mins 51.84330991109212 
amplitude = 0.1 
omega drive = 1.0 
gammal = 1.0 
gammar = 1.0 
time step = 0.001 
T = [  5.66716539e-03   5.56889482e-03   1.74514583e+03   9.65622350e-02
   9.71464674e-02], Tstd = [  1.24144105e-05   1.33339144e-05   2.07928782e+03   1.96802935e-03
   1.76218211e-03] 
heatL = -0.005667154032804135, heatLstd = 1.2414193305121137e-05 
heat12 = -0.005667664945491775, heat12std = 1.249276170776125e-05 
heatNN_1 = -0.003286942904329068, heatNN_1std = 0.00046331208170518977 
heatR = 0.0032874399071149544, heatRstd = 0.00046130852518008346 
