This run uses mins 47.097117976347604 
amplitude = 0.1 
omega drive = 1.0 
gammal = 1.0 
gammar = 1.0 
time step = 0.001 
T = [  4.37985458e-02   4.39831733e-02   2.50165129e+05   9.19681651e+00
   9.20170394e+00], Tstd = [  1.32088320e-03   1.76958227e-03   3.33333125e+05   2.87912200e-01
   2.06490571e-01] 
heatL = -0.04379758233752792, heatLstd = 0.0013208480650575155 
heat12 = -0.04380955991141427, heat12std = 0.0013223685887306083 
heat23 = 12508.25547942736, heat23std = 16666.647025404156 
heatNN_1 = -0.868245139548308, heatNN_1std = 0.020493054618606444 
heatR = 0.8681317111516945, heatRstd = 0.02117518088237258 
