This run uses mins 5.70722408692042 
amplitude = 0.1 
omega drive = 1.0 
gammal = 1.0 
gammar = 1.0 
time step = 0.001 
T = [ 0.5006326   0.50973496  0.50914145  0.50919772  0.51202058], Tstd = [ 0.02337805  0.03458709  0.04478611  0.03613978  0.02402566] 
heatL = -0.5006198321835676, heatLstd = 0.023377617952421215 
heat12 = -0.5006728231335256, heat12std = 0.02335923918754314 
heat23 = -0.5013368341580949, heat23std = 0.023687366127751998 
heatNN_1 = -0.5016935302196582, heatNN_1std = 0.024231846020958278 
heatR = 0.50185112675492, heatRstd = 0.024513748989522265 
