This run uses mins 31.389140574137368 
amplitude = 0.1 
omega drive = 1.0 
gammal = 1.0 
gammar = 1.0 
time step = 0.001 
T = [  9.04868869e-03   8.97553791e-03   1.22008212e+04   9.09784322e-01
   9.12540194e-01], Tstd = [  1.02505115e-04   1.73488961e-04   1.16153692e+04   2.66301277e-02
   1.59329878e-02] 
heatL = -0.009048592931525419, heatLstd = 0.00010250238384035305 
heat12 = -0.009049909665033211, heat12std = 0.00010306133846388345 
heat23 = 610.0396666255615, heat23std = 580.7699872903447 
heatNN_1 = -0.08167103947714333, heatNN_1std = 0.002323012431787737 
heatR = 0.08170061527641154, heatRstd = 0.002324670846025238 
