This run uses mins 49.97587736845016 
amplitude = 0.1 
omega drive = 1.0 
gammal = 1.0 
gammar = 1.0 
time step = 0.001 
T = [  9.14187227e-03   9.05580056e-03   1.77871490e+04   9.18162079e-01
   9.23189877e-01], Tstd = [  9.76238748e-05   1.74188668e-04   1.84180146e+04   2.71781968e-02
   1.54186160e-02] 
heatL = -0.009141774557613587, heatLstd = 9.76211589393886e-05 
heat12 = -0.0091432794125061, heat12std = 9.798970469386644e-05 
heatNN_1 = -0.08224229126868306, heatNN_1std = 0.002173791496692988 
heatR = 0.08213990351078078, heatRstd = 0.002185693220220285 
