This run uses mins 51.534254264831546 
amplitude = 0.1 
omega drive = 1.0 
gammal = 1.0 
gammar = 1.0 
time step = 0.001 
T = [  4.32289155e-02   4.33211539e-02   2.59502507e+05   9.08251872e+00
   9.12349935e+00], Tstd = [  9.53428933e-04   1.36163388e-03   2.64003773e+05   2.11869507e-01
   1.53647584e-01] 
heatL = -0.04322796951217947, heatLstd = 0.0009534065717970505 
heat12 = -0.04324004144999502, heat12std = 0.0009545903635183315 
heatNN_1 = -0.863067372146598, heatNN_1std = 0.015337726024818798 
heatR = 0.8635298812974329, heatRstd = 0.01571310980939547 
