This run uses mins 5.742734849452972 
amplitude = 0.1 
omega drive = 1.0 
gammal = 1.0 
gammar = 1.0 
time step = 0.001 
T = [ 4.92893478  5.01191647  5.11342291  5.0269935   5.02627282], Tstd = [ 0.18969036  0.34216426  0.42550491  0.34818551  0.2236809 ] 
heatL = -4.928811457999749, heatLstd = 0.18968672059172406 
heat12 = -4.93009399391338, heat12std = 0.18961692051537754 
heat23 = -4.934880386706629, heat23std = 0.18818957917221685 
heatNN_1 = -4.928819819040863, heatNN_1std = 0.1891636970775555 
heatR = 4.925094232020541, heatRstd = 0.18817047965453632 
