T =  [ 0.48447404  0.51484652  0.90695555  0.51499528  0.48458346] [ 0.  0.  0.  0.  0.]
heatL =  0.0 0.0
heat12 =  4.31674976613e-05 0.0
heatR =  0.0 0.0
