This run uses mins 1307.375242495537 
gammal = 1.0 
gammar = 1.0 
time step = 0.001 
T = [ 328.29210658  328.34213318], Tstd = [ 0.36165761  0.3616669 ] 
heatL = -0.22059783782743295, heatLstd = 0.004038839340489609 
heat12 = -0.20728032303182342, heat12std = 0.004060165925582426 
heatR = 0.19396191687091466, heatRstd = 0.00404672327907327 
