This run uses mins 1138.8337043166161 
gammal = 1.0 
gammar = 1.0 
time step = 0.001 
T = [ 125.21438848  125.10373478  125.17579265  125.10938734  125.11686806], Tstd = [ 0.18317724  0.36914461  0.44803416  0.36801336  0.18237138] 
heatL = 0.20702229508554332, heatLstd = 0.0013924365704375723 
heat12 = 0.20707229516107972, heat12std = 0.0013989497796079496 
heatR = -0.20754308251209386, heatRstd = 0.0014020403673447562 
