This run uses mins 514.0093954404196 
amplitude = 0.01 
omega drive = 6.0 
gammal = 1.0 
gammar = 1.0 
time step = 0.001 
T = [  1.91164896e-03   7.91559989e-04   2.33295440e-05   6.15556166e-04
   2.40220086e-03], Tstd = [ 0.  0.  0.  0.  0.] 
heatL = -0.0019116317510709795, heatLstd = 2.168404344971009e-19 
heat12 = -0.001912110091764966, heat12std = 2.168404344971009e-19 
heatR = -0.0024021792424360226, heatRstd = 0.0 
