This run uses mins 50.09481216271718 
amplitude = 0.01 
omega drive = 8.0 
gammal = 1.0 
gammar = 1.0 
time step = 0.001 
T = [ 0.00374112  0.00051101  0.00101651  0.00417434  0.00021683], Tstd = [ 0.  0.  0.  0.  0.] 
heatL = -0.0037410564947895444, heatLstd = 0.0 
heat12 = -0.003741701759793056, heat12std = 4.336808689942018e-19 
heatR = -0.00021682743538593418, heatRstd = 0.0 
