This run uses mins 39.15936751365662 
amplitude = 0.01 
omega drive = 2.0 
gammal = 1.0 
gammar = 1.0 
time step = 0.001 
T = [ 0.0005093   0.00047008  0.00039708  0.00030238  0.00537592], Tstd = [  0.00000000e+00   0.00000000e+00   5.42101086e-20   0.00000000e+00
   8.67361738e-19] 
heatL = -0.0005092967133952758, heatLstd = 0.0 
heat12 = -0.0005094434703548863, heat12std = 0.0 
heatR = -0.005375917848598234, heatRstd = 0.0 
