This run uses mins 28.206570418675742 
amplitude = 0.01 
omega drive = 15.0 
gammal = 1.0 
gammar = 1.0 
time step = 0.001 
T = [ 0.09515193  0.15041881  0.0452348   0.19385933  0.02298437], Tstd = [  0.00000000e+00   0.00000000e+00   0.00000000e+00   2.77555756e-17
   0.00000000e+00] 
heatL = -0.09514658684599962, heatLstd = 0.0 
heat12 = -0.0951685516755148, heat12std = 0.0 
heatR = -0.022983075953511452, heatRstd = 0.0 
