This run uses mins 494.97746917804085 
amplitude = 0.01 
omega drive = 8.0 
gammal = 1.0 
gammar = 1.0 
time step = 0.001 
T = [ 0.00374104  0.000511    0.00101648  0.00417425  0.00021683], Tstd = [  4.33680869e-19   0.00000000e+00   0.00000000e+00   0.00000000e+00
   0.00000000e+00] 
heatL = -0.0037409823210152477, heatLstd = 0.0 
heat12 = -0.0037419205909978354, heat12std = 0.0 
heatR = -0.00021682280804358187, heatRstd = 0.0 
