This run uses mins 48.42090233167013 
amplitude = 0.01 
omega drive = 9.0 
gammal = 1.0 
gammar = 1.0 
time step = 0.001 
T = [ 0.01320951  0.00058843  0.00805102  0.016328    0.00649099], Tstd = [ 0.  0.  0.  0.  0.] 
heatL = -0.01320924452223376, heatLstd = 1.734723475976807e-18 
heat12 = -0.01321273107241295, heat12std = 1.734723475976807e-18 
heatR = -0.006490855997877298, heatRstd = 0.0 
