This run uses mins 383.3067631403605 
amplitude = 0.01 
omega drive = 5.0 
gammal = 1.0 
gammar = 1.0 
time step = 0.001 
T = [ 0.0027232   0.00154117  0.0002878   0.00014086  0.00907686], Tstd = [  4.33680869e-19   0.00000000e+00   0.00000000e+00   0.00000000e+00
   0.00000000e+00] 
heatL = -0.002723187717438636, heatLstd = 0.0 
heat12 = -0.00272382081108402, heat12std = 0.0 
heatR = -0.00907680406560383, heatRstd = 0.0 
