This run uses mins 491.5777839064598 
amplitude = 0.01 
omega drive = 4.0 
gammal = 1.0 
gammar = 1.0 
time step = 0.001 
T = [ 0.0109651   0.00776521  0.00333027  0.00039609  0.06721944], Tstd = [ 0.  0.  0.  0.  0.] 
heatL = -0.0109650545956297, heatLstd = 0.0 
heat12 = -0.010967785856989187, heat12std = 1.734723475976807e-18 
heatR = -0.0672191726071956, heatRstd = 0.0 
