This run uses mins 511.8367575486501 
amplitude = 0.01 
omega drive = 9.0 
gammal = 1.0 
gammar = 1.0 
time step = 0.001 
T = [ 0.0132095   0.00058843  0.00805102  0.01632799  0.00649098], Tstd = [ 0.  0.  0.  0.  0.] 
heatL = -0.013209230949502363, heatLstd = 1.734723475976807e-18 
heat12 = -0.013212403743364326, heat12std = 0.0 
heatR = -0.006490853311853548, heatRstd = 0.0 
