This run uses mins 41.07824591795603 
amplitude = 0.01 
omega drive = 10.0 
gammal = 1.0 
gammar = 1.0 
time step = 0.001 
T = [ 0.41318969  0.00413178  0.41689992  0.41360985  0.41318293], Tstd = [  0.00000000e+00   0.00000000e+00   0.00000000e+00   0.00000000e+00
   5.55111512e-17] 
heatL = -0.41317940549644216, heatLstd = 0.0 
heat12 = -0.41332499373503656, heat12std = 5.551115123125783e-17 
heatR = -0.41317264187177766, heatRstd = 0.0 
