This run uses mins 516.0057554205258 
amplitude = 0.01 
omega drive = 10.0 
gammal = 1.0 
gammar = 1.0 
time step = 0.001 
T = [ 0.4131904   0.00413178  0.41690228  0.41361055  0.41318363], Tstd = [  0.00000000e+00   0.00000000e+00   5.55111512e-17   0.00000000e+00
   0.00000000e+00] 
heatL = -0.41318006855644435, heatLstd = 5.551115123125783e-17 
heat12 = -0.41328307546238835, heat12std = 5.551115123125783e-17 
heatR = -0.4131733049485861, heatRstd = 5.551115123125783e-17 
