This run uses mins 51.148278907934824 
amplitude = 0.01 
omega drive = 5.0 
gammal = 1.0 
gammar = 1.0 
time step = 0.001 
T = [ 0.00272316  0.00154115  0.0002878   0.00014085  0.00907685], Tstd = [ 0.  0.  0.  0.  0.] 
heatL = -0.00272314700128332, heatLstd = 0.0 
heat12 = -0.0027241368046681106, heat12std = 4.336808689942018e-19 
heatR = -0.009076791919095991, heatRstd = 0.0 
