This run uses mins 444.8070576707522 
amplitude = 0.01 
omega drive = 2.0 
gammal = 1.0 
gammar = 1.0 
time step = 0.001 
T = [ 0.00050931  0.00047009  0.00039709  0.00030239  0.00537596], Tstd = [  0.00000000e+00   0.00000000e+00   5.42101086e-20   0.00000000e+00
   0.00000000e+00] 
heatL = -0.0005093091123822412, heatLstd = 0.0 
heat12 = -0.0005094365742946331, heat12std = 0.0 
heatR = -0.005375951276633896, heatRstd = 0.0 
