This run uses mins 55.132284406820936 
amplitude = 0.01 
omega drive = 4.0 
gammal = 1.0 
gammar = 1.0 
time step = 0.001 
T = [ 0.01096538  0.00776541  0.00333037  0.0003961   0.06722134], Tstd = [  0.00000000e+00   0.00000000e+00   0.00000000e+00   5.42101086e-20
   0.00000000e+00] 
heatL = -0.010965332017896989, heatLstd = 1.734723475976807e-18 
heat12 = -0.0109685234462547, heat12std = 0.0 
heatR = -0.06722106968627892, heatRstd = 0.0 
