This run uses mins 13949.324254206816 
amplitude = 0.0 
omega drive = 1.0 
gammal = 1.0 
gammar = 0.0 
time step = 0.001 
T = [ 0.0100036   0.00999229  0.00999693  0.00999207  0.00999338], Tstd = [  1.69621384e-05   3.94773260e-05   4.74796651e-05   3.97756096e-05
   1.68835646e-05] 
heatL = -2.6518967401537846e-07, heatLstd = 1.1608237928149485e-07 
heat12 = -2.6086137179978483e-07, heat12std = 7.541607846935448e-08 
heat23 = -4.148100515047938e-09, heat23std = 4.582016424895916e-08 
heatNN_1 = -3.1547438182389634e-09, heatNN_1std = 2.5707408192903896e-08 
heatR = 0.0, heatRstd = 0.0 
