This run uses mins 1379.495080924034 
amplitude = 0.0 
omega drive = 1.0 
gammal = 1.0 
gammar = 0.0 
time step = 0.001 
T = [ 0.01000725  0.00999621  0.01001221  0.00999535  0.00999696], Tstd = [  2.29813057e-05   3.64159826e-05   4.27278594e-05   3.69632564e-05
   2.30589556e-05] 
heatL = -2.756902144513954e-07, heatLstd = 1.3061338096596723e-07 
heat12 = -2.6770351273377467e-07, heat12std = 8.880899299936449e-08 
heat23 = -1.0687999690555853e-08, heat23std = 6.372761556319821e-08 
heatNN_1 = -3.7347533074597274e-10, heatNN_1std = 2.86779181451701e-08 
heatR = 0.0, heatRstd = 0.0 
