This run uses mins 1.0775078574816386 
gammal = 1.0 
gammar = 0.0 
time step = 0.001 
T = [ 0.00376604  0.00376216  0.00374701  0.00372442  0.00369796], Tstd = [ 0.  0.  0.  0.  0.] 
heatL = -3.131061610976468e-05, heatLstd = 0.0 
heat12 = -3.077841346730525e-05, heat12std = 0.0 
heatR = 0.0, heatRstd = 0.0 
