This run uses mins 1.1343722740809123 
gammal = 1.0 
gammar = 0.0 
time step = 0.001 
T = [  1.11361865e-19   7.13141410e-19   9.21884707e-19   3.92760730e-19
   0.00000000e+00], Tstd = [ 0.  0.  0.  0.  0.] 
heatL = -9.25040018295639e-22, heatLstd = 0.0 
heat12 = -8.045250750214312e-22, heat12std = 0.0 
heatR = 0.0, heatRstd = 0.0 
