This run uses mins 1.1528234799702963 
gammal = 1.0 
gammar = 0.0 
time step = 0.001 
T = [ 6.12329028  6.11716945  6.0927323   6.05620139  6.01386063], Tstd = [ 0.  0.  0.  0.  0.] 
heatL = -0.05090899915671932, heatLstd = 0.0 
heat12 = -0.050874579016804644, heat12std = 0.0 
heatR = 0.0, heatRstd = 0.0 
