This run uses mins 0.9722153862317403 
gammal = 1.0 
gammar = 0.0 
time step = 0.001 
T = [ 6.1240055   6.11788395  6.09344395  6.05690877  6.01456308], Tstd = [ 0.  0.  0.  0.  0.] 
heatL = -0.05091494546230514, heatLstd = 0.0 
heat12 = -0.05088052940291565, heat12std = 0.0 
heatR = 0.0, heatRstd = 0.0 
