This run uses mins 1.0425143241882324 
gammal = 1.0 
gammar = 0.0 
time step = 0.001 
T = [  1.11375195e-19   7.13226473e-19   9.21994001e-19   3.92807026e-19
   0.00000000e+00], Tstd = [ 0.  0.  0.  0.  0.] 
heatL = -9.251507416517634e-22, heatLstd = 0.0 
heat12 = -8.04582227661044e-22, heat12std = 0.0 
heatR = 0.0, heatRstd = 0.0 
