This run uses mins 1.011553374926249 
gammal = 1.0 
gammar = 0.0 
time step = 0.001 
T = [  6.44569980e-14   4.41264753e-13   6.73938799e-13   4.41031756e-13
   6.43417271e-14], Tstd = [ 0.  0.  0.  0.  0.] 
heatL = -5.354056446742936e-16, heatLstd = 0.0 
heat12 = -5.0638173195204e-16, heat12std = 0.0 
heatR = 0.0, heatRstd = 0.0 
