This run uses mins 0.9473773241043091 
gammal = 1.0 
gammar = 0.0 
time step = 0.001 
T = [  1.11364146e-19   7.13167916e-19   9.21867616e-19   3.92783695e-19
   1.06034256e-23], Tstd = [ 0.  0.  0.  0.  0.] 
heatL = -9.250586131920646e-22, heatLstd = 0.0 
heat12 = -8.038836967164823e-22, heat12std = 0.0 
heatR = 0.0, heatRstd = 0.0 
