This run uses mins 16.84275898138682 
amplitude = 0.001 
omega drive = 1.0 
gammal = 1.0 
gammar = 1.0 
time step = 0.001 
T = [ 2.71552198  2.74580341  2.75712462  2.74415639  2.7606159 ], Tstd = [ 0.0334923   0.04680622  0.04449615  0.04659163  0.03216416] 
heatL = -2.2221615893437465, heatLstd = 0.03087130051081484 
heat12 = -2.2225172852381716, heat12std = 0.031108686857642693 
heat23 = -2.2228441822996676, heat23std = 0.030893482603586306 
heatNN_1 = -2.2222217819360215, heatNN_1std = 0.031162189019498625 
heatR = 2.2216965702976537, heatRstd = 0.031029799376821175 
