This run uses mins 3.0314936876296996 
amplitude = 0.001 
omega drive = 1.0 
gammal = 1.0 
gammar = 1.0 
time step = 0.001 
T = [ 2.66869434  2.6844394   2.65152925  2.68020082  2.73107146], Tstd = [ 0.11416609  0.21941737  0.16462526  0.21656476  0.12055611] 
heatL = -2.1685814400522094, heatLstd = 0.1271714505367102 
heat12 = -2.1684688518832553, heat12std = 0.12997101883558507 
heat23 = -2.1709547698585037, heat23std = 0.1299389815277353 
heatNN_1 = -2.170205264590569, heatNN_1std = 0.1281016588781594 
heatR = 2.170442269046991, heatRstd = 0.12976297940383502 
