This run uses mins 3.301273155212402 
amplitude = 0 
omega drive = 1.0 
gammal = 1.0 
gammar = 1.0 
time step = 0.001 
T = [  5.10657556e-01   5.00280199e-01   8.87540568e+03   5.19405499e+00
   5.11906988e+00], Tstd = [  3.16297862e-02   5.12964235e-02   7.45048214e+03   3.85003106e-01
   3.03587269e-01] 
heatL = 0.0005150362537272063, heatLstd = 0.0016127049483411558 
heat12 = 0.00010148042037104097, heat12std = 0.001031152518422139 
heat23 = 0.3524264909456248, heat23std = 3.604357407123088 
heatNN_1 = -0.00553786466389938, heatNN_1std = 0.011878849842945618 
heatR = 0.007581159763863012, heatRstd = 0.015284443940295598 
