This run uses mins 1390.1680407643319 
amplitude = 0.001 
omega drive = 1.0 
gammal = 1.0 
gammar = 1.0 
time step = 0.001 
T = [  5.00299933   4.99581075   4.99449391   4.99812871  22.58479819], Tstd = [ 0.01101645  0.01615525  0.01642526  0.01583837  0.04482944] 
heatL = -0.00012090533922978572, heatLstd = 6.564422303008727e-05 
heat12 = -0.00012069063272571806, heat12std = 4.112520025434279e-05 
heat23 = -6.842646785531716e-07, heat23std = 1.8154583573951616e-05 
heatNN_1 = 11.292397309219197, heatNN_1std = 0.02241283815490787 
heatR = -22.584678763225345, heatRstd = 0.04482927507266318 
