This run uses mins 27.66053866147995 
amplitude = 1.0 
omega drive = 7.0 
gammal = 1.0 
gammar = 1.0 
time step = 0.001 
T = [  359.48675316    95.53800453  3287.36708124    95.53800453   359.48675316], Tstd = [  5.68434189e-14   1.42108547e-14   0.00000000e+00   1.42108547e-14
   5.68434189e-14] 
heatL = -359.48235726312373, heatLstd = 0.0 
heat12 = -359.58162288507737, heat12std = 0.0 
heatR = -359.48235726312373, heatRstd = 0.0 
