This run uses mins 44.33272648255031 
amplitude = 1.0 
omega drive = 3.0 
gammal = 1.0 
gammar = 1.0 
time step = 0.001 
T = [   8.13642867    6.75316365  121.73137234    6.75316365    8.13642867], Tstd = [  0.00000000e+00   8.88178420e-16   1.42108547e-14   8.88178420e-16
   0.00000000e+00] 
heatL = -8.13641009326417, heatLstd = 0.0 
heat12 = -8.137981538593742, heat12std = 0.0 
heatR = -8.13641009326417, heatRstd = 0.0 
