This run uses mins 35.29257526397705 
amplitude = 1.0 
omega drive = 10.0 
gammal = 1.0 
gammar = 1.0 
time step = 0.001 
T = [  49.34750588    0.4934619   197.5907429     0.4934619    49.34750588], Tstd = [  0.00000000e+00   5.55111512e-17   0.00000000e+00   5.55111512e-17
   0.00000000e+00] 
heatL = -49.34626731414326, heatLstd = 0.0 
heat12 = -49.35381897830811, heat12std = 0.0 
heatR = -49.34626731414326, heatRstd = 0.0 
