This run uses mins 50.6810650785764 
amplitude = 1.0 
omega drive = 4.0 
gammal = 1.0 
gammar = 1.0 
time step = 0.001 
T = [  25.97645205   18.39592216  356.39420272   18.39592216   25.97645205], Tstd = [  3.55271368e-15   0.00000000e+00   0.00000000e+00   0.00000000e+00
   3.55271368e-15] 
heatL = -25.976349641243758, heatLstd = 0.0 
heat12 = -25.985615758676158, heat12std = 0.0 
heatR = -25.976349641243758, heatRstd = 0.0 
