This run uses mins 30.80487338701884 
amplitude = 1.0 
omega drive = 15.0 
gammal = 1.0 
gammar = 1.0 
time step = 0.001 
T = [ 234.58604903  370.840185     64.61427864  370.840185    234.58604903], Tstd = [  2.84217094e-14   0.00000000e+00   0.00000000e+00   0.00000000e+00
   2.84217094e-14] 
heatL = -234.57286752138114, heatLstd = 0.0 
heat12 = -234.62597666534893, heat12std = 2.842170943040401e-14 
heatR = -234.57286752138114, heatRstd = 0.0 
