This run uses mins 38.45682034889857 
amplitude = 1.0 
omega drive = 9.0 
gammal = 1.0 
gammar = 1.0 
time step = 0.001 
T = [  65.98103644    2.93917386  374.11851043    2.93917386   65.98103644], Tstd = [  0.00000000e+00   4.44089210e-16   0.00000000e+00   4.44089210e-16
   0.00000000e+00] 
heatL = -65.97970062300797, heatLstd = 0.0 
heat12 = -65.99630034392125, heat12std = 0.0 
heatR = -65.97970062300797, heatRstd = 0.0 
