This run uses mins 49.934368971983595 
amplitude = 1.0 
omega drive = 8.0 
gammal = 1.0 
gammar = 1.0 
time step = 0.001 
T = [ 115.89965551   15.83089842  858.81995476   15.83089842  115.89965551], Tstd = [  1.42108547e-14   0.00000000e+00   0.00000000e+00   0.00000000e+00
   1.42108547e-14] 
heatL = -115.89779167595105, heatLstd = 0.0 
heat12 = -115.91282517402612, heat12std = 0.0 
heatR = -115.89779167595105, heatRstd = 0.0 
