This run uses mins 212.9768012126287 
amplitude = 0.001 
omega drive = 1.0 
gammal = 1.0 
gammar = 1.0 
time step = 0.001 
T = [  6.13427439e-07   6.01894852e-07   5.78136466e-07   5.43713821e-07
   4.94264258e-06], Tstd = [  0.00000000e+00   0.00000000e+00   0.00000000e+00   1.05879118e-22
   8.47032947e-22] 
heatL = -6.134272800471644e-07, heatLstd = 0.0 
heat12 = -6.135684601843591e-07, heat12std = 0.0 
heat23 = -6.137098426553974e-07, heat23std = 0.0 
heatNN_1 = 2.164448538828091e-06, heatNN_1std = 0.0 
heatR = -4.942641313101704e-06, heatRstd = 8.470329472543003e-22 
