This run uses mins 0.13785348733266195 
amplitude = 0.1 
omega drive = 1.0 
gammal = 1.0 
gammar = 1.0 
time step = 0.001 
T = [ 0.00534317  0.00522887  1.13040123  0.01289375  0.01515797], Tstd = [  8.81638363e-06   6.12023716e-06   7.75713829e-01   7.31862742e-04
   1.42684062e-03] 
heatL = -0.005343180864900406, heatLstd = 8.815797133146074e-06 
heat12 = -0.005361896343347893, heat12std = 7.384796006682046e-06 
heat23 = 0.052410436131732706, heat23std = 0.04079985285696947 
heatNN_1 = 0.004632106675590508, heatNN_1std = 0.0007419012196954134 
heatR = -0.004582846023101169, heatRstd = 0.0007850026336011699 
