This run uses mins 1.1971014380455016 
amplitude = 0.1 
omega drive = 1.0 
gammal = 1.0 
gammar = 1.0 
time step = 0.001 
T = [ 0.00530443  0.0052048   3.34021772  0.01653331  0.01630811], Tstd = [  0.00000000e+00   0.00000000e+00   2.69062860e+00   1.55216887e-03
   1.43846849e-03] 
heatL = -0.005304426144737663, heatLstd = 0.0 
heat12 = -0.005310653001855216, heat12std = 0.0 
heat23 = -0.0027437377991330145, heat23std = 0.00047212460498544107 
heatNN_1 = 0.005322373641053136, heatNN_1std = 0.0003897416498743053 
heatR = -0.00531835879875598, heatRstd = 0.00039371206970640563 
