This run uses mins 0.11952350536982219 
amplitude = 0.1 
omega drive = 1.0 
gammal = 1.0 
gammar = 1.0 
time step = 0.001 
T = [ 0.00533486  0.00522983  4.37657265  0.01424755  0.01439106], Tstd = [  1.93103034e-06   3.70943048e-07   4.17802921e+00   2.31588828e-04
   5.56651306e-04] 
heatL = -0.00533486656928921, heatLstd = 1.9363444978244895e-06 
heat12 = -0.005359261654313237, heat12std = 1.2908701851179448e-05 
heat23 = -0.004413410444388589, heat23std = 0.0038822104904213542 
heatNN_1 = 0.004306950965739236, heatNN_1std = 0.0007767739014715046 
heatR = -0.004425216747051669, heatRstd = 0.0006832878860198309 
