This run uses mins 0.11956270535786946 
amplitude = 0.1 
omega drive = 1.0 
gammal = 1.0 
gammar = 1.0 
time step = 0.001 
T = [ 0.00533754  0.00524396  0.72600747  0.01530346  0.01453224], Tstd = [  8.13044725e-06   1.65319162e-05   2.66934141e-01   1.38904079e-03
   1.03756357e-04] 
heatL = -0.005337544162529332, heatLstd = 8.131252027831961e-06 
heat12 = -0.005356982232092465, heat12std = 1.0533877267827462e-05 
heat23 = -0.002322155937531013, heat23std = 0.0037399104005469905 
heatNN_1 = 0.005080079905465086, heatNN_1std = 0.001710356150929377 
heatR = -0.004919090890562049, heatRstd = 0.0015069228971483057 
