This run uses mins 0.1211831529935201 
amplitude = 0.1 
omega drive = 1.0 
gammal = 1.0 
gammar = 1.0 
time step = 0.001 
T = [ 0.00532371  0.00522402  0.23357613  0.0160889   0.01465544], Tstd = [ 0.          0.          0.03010186  0.00175855  0.00061717] 
heatL = -0.005323723563505933, heatLstd = 0.0 
heat12 = -0.005345592497412118, heat12std = 0.0 
heat23 = -0.0021706489441791588, heat23std = 0.0011010020267068564 
heatNN_1 = 0.005823893378502767, heatNN_1std = 0.0013702835132798283 
heatR = -0.0059385714460731265, heatRstd = 0.001224201427215597 
