This run uses mins 0.13112821976343791 
amplitude = 0.1 
omega drive = 1.0 
gammal = 1.0 
gammar = 1.0 
time step = 0.001 
T = [  3.37974253e-02   3.80798328e-02   2.16360971e+03   7.87278095e+00
   7.46139189e+00], Tstd = [  6.81149304e-03   5.05250857e-03   2.01933921e+03   3.34484076e-01
   9.79699437e-01] 
heatL = -0.033796574094153056, heatLstd = 0.006811615884540554 
heat12 = -0.0339321217160798, heat12std = 0.007230027783563174 
heat23 = 107.59047739920504, heat23std = 100.91408939234418 
heatNN_1 = -0.6023655155477693, heatNN_1std = 0.2509927693591371 
heatR = 0.5689270283234742, heatRstd = 0.28389382713581607 
