This run uses mins 0.1378991921742757 
amplitude = 0.1 
omega drive = 1.0 
gammal = 1.0 
gammar = 1.0 
time step = 0.001 
T = [  5.32371453e-03   5.22402181e-03   7.67314891e+02   7.79934102e+00
   7.57486987e+00], Tstd = [   0.            0.          700.54344449    1.82830167    0.71457884] 
heatL = -0.005323723563505933, heatLstd = 0.0 
heat12 = -0.005345592497412118, heat12std = 0.0 
heat23 = -0.028140485056167668, heat23std = 0.042156242939261644 
heatNN_1 = -0.053396810811324295, heatNN_1std = 0.035371437183591654 
heatR = 0.10610901806898693, heatRstd = 0.03028635366343263 
