This run uses mins 1.3526439587275187 
amplitude = 0.1 
omega drive = 1.0 
gammal = 1.0 
gammar = 1.0 
time step = 0.001 
T = [  5.30442503e-03   5.20479954e-03   1.16280014e+04   1.02736681e+01
   1.06685133e+01], Tstd = [  0.00000000e+00   0.00000000e+00   6.28110869e+03   2.84879330e-02
   3.42249015e-02] 
heatL = -0.005304426144737663, heatLstd = 0.0 
heat12 = -0.005310653001855216, heat12std = 0.0 
heat23 = 0.015641632515515147, heat23std = 0.012132042670586884 
heatNN_1 = -0.013999918945207725, heatNN_1std = 0.004225923985125206 
heatR = 0.019688054780227785, heatRstd = 0.011953177950244854 
