This run uses mins 11.724104543526968 
amplitude = 0.1 
omega drive = 1.0 
gammal = 1.0 
gammar = 1.0 
time step = 0.001 
T = [  5.30477560e-03   5.20502772e-03   1.12518452e+05   1.00411126e+01
   1.00274268e+01], Tstd = [  0.00000000e+00   0.00000000e+00   9.49340868e+04   3.90815629e-01
   2.35963480e-01] 
heatL = -0.005304773790750815, heatLstd = 0.0 
heat12 = -0.0053051472951227635, heat12std = 0.0 
heat23 = -0.00036186813358969323, heat23std = 0.0017645133439560604 
heatNN_1 = 0.0015347679427549772, heatNN_1std = 0.0016576672099646922 
heatR = -0.0018074589531627174, heatRstd = 0.0018813152835658522 
