This run uses mins 12.005357138315837 
amplitude = 0.1 
omega drive = 1.0 
gammal = 1.0 
gammar = 1.0 
time step = 0.001 
T = [  5.30477560e-03   5.20502772e-03   1.39384681e+03   1.00896002e+00
   1.00979375e+00], Tstd = [  0.00000000e+00   0.00000000e+00   8.88550182e+02   9.97865352e-03
   5.17071957e-03] 
heatL = -0.005304773790750815, heatLstd = 0.0 
heat12 = -0.0053051472951227635, heat12std = 0.0 
heat23 = -0.003191511451240493, heat23std = 0.0004616617555334992 
heatNN_1 = 0.007163918054970627, heatNN_1std = 0.00013239964239042347 
heatR = -0.007334454583266512, heatRstd = 0.000502838231907951 
