This run uses mins 0.11778785387674967 
amplitude = 0.1 
omega drive = 1.0 
gammal = 1.0 
gammar = 1.0 
time step = 0.001 
T = [  4.12663559e-02   4.08569741e-02   1.42107752e+02   8.99245622e+00
   9.22349351e+00], Tstd = [  6.63071541e-03   1.37358542e-03   6.90176433e+01   7.50569471e-01
   1.76386158e+00] 
heatL = -0.04126512360322702, heatLstd = 0.006631034434292436 
heat12 = -0.04028901438500805, heat12std = 0.007100539863196472 
heat23 = -0.45334136597556174, heat23std = 0.8981929006503193 
heatNN_1 = -1.088614539847289, heatNN_1std = 0.28923792586983055 
heatR = 1.060325799242307, heatRstd = 0.4518744390712632 
