This run uses mins 0.12290083169937134 
amplitude = 0.1 
omega drive = 1.0 
gammal = 1.0 
gammar = 1.0 
time step = 0.001 
T = [  5.00560982e-02   6.17670808e-02   5.28876120e+03   1.20791823e+01
   1.04475966e+01], Tstd = [  3.46151504e-03   7.05337772e-03   2.24255060e+03   1.24000382e+00
   5.21095652e-01] 
heatL = -0.05005485948594275, heatLstd = 0.0034614786275303615 
heat12 = -0.05050350824271867, heat12std = 0.0037647284870707953 
heat23 = -0.12511686488810977, heat23std = 0.14189033260619546 
heatNN_1 = -1.013158114832637, heatNN_1std = 0.0488983562781381 
heatR = 1.0345528426222945, heatRstd = 0.166904357727452 
