This run uses mins 478.34195438226067 
amplitude = 0.1 
omega drive = 1.0 
gammal = 1.0 
gammar = 1.0 
time step = 0.001 
T = [  5.32070034e-03   5.22167012e-03   2.08231221e+03   1.42779864e-02
   1.44023137e-02], Tstd = [  4.26324584e-07   5.54662504e-07   2.77366589e+03   8.70408510e-05
   5.97998855e-05] 
heatL = -0.005320698015481194, heatLstd = 4.2631703568248013e-07 
heat12 = -0.005321922454163519, heat12std = 4.3040136480838904e-07 
heat23 = 104.11264878729993, heat23std = 138.68323280149696 
heatNN_1 = 0.004429441792038924, heatNN_1std = 5.163660480160137e-05 
heatR = -0.004428482673288184, heatRstd = 5.152262216141003e-05 
