This run uses mins 160.002321211497 
amplitude = 0.1 
omega drive = 1.0 
gammal = 1.0 
gammar = 1.0 
time step = 0.001 
T = [  5.30521722e-03   5.20547782e-03   2.00596915e+04   1.04548296e-01
   1.04633451e-01], Tstd = [  0.00000000e+00   0.00000000e+00   1.78381025e+04   6.90483008e-04
   6.47846787e-04] 
heatL = -0.0053052158405687295, heatLstd = 0.0 
heat12 = -0.00530643631263214, heat12std = 0.0 
heat23 = -0.002383283054355704, heat23std = 0.00016497813226918462 
heatNN_1 = 0.005330458342113209, heatNN_1std = 4.240186718310838e-05 
heatR = -0.0053275276593811385, heatRstd = 4.4109832803580946e-05 
