This run uses mins 273.7258351723353 
amplitude = 0.1 
omega drive = 1.0 
gammal = 1.0 
gammar = 1.0 
time step = 0.001 
T = [ 0.00494775  0.00499454  0.00499168  0.00499556  0.00505601], Tstd = [  1.81708661e-05   3.90729191e-05   4.28827995e-05   3.93848927e-05
   1.88993750e-05] 
heatL = -0.004947625936350077, heatLstd = 1.8170563497203062e-05 
heat12 = -0.004948841339519754, heat12std = 1.823227115608476e-05 
heat23 = -0.0049499373598636135, heat23std = 1.8253580385095607e-05 
heatNN_1 = -0.004948531137368171, heatNN_1std = 1.8169493269334204e-05 
heatR = 0.004947276888557829, heatRstd = 1.8175622182222458e-05 
