This run uses mins 307.84964845180514 
amplitude = 0.1 
omega drive = 1.0 
gammal = 1.0 
gammar = 1.0 
time step = 0.001 
T = [ 0.04948298  0.0500102   0.04995391  0.05001028  0.05056501], Tstd = [ 0.00022548  0.00049041  0.00053724  0.00049483  0.00020452] 
heatL = -0.04948174288424453, heatLstd = 0.0002254724636308632 
heat12 = -0.04949462517694814, heat12std = 0.00022562346120126963 
heat23 = -0.04950574494133749, heat23std = 0.0002257914054345733 
heatNN_1 = -0.049492753851652936, heatNN_1std = 0.00022676573179719711 
heatR = 0.049480816484445404, heatRstd = 0.00022748270129028088 
