This run uses mins 135.89447639385858 
amplitude = 0.1 
omega drive = 1.0 
gammal = 1.0 
gammar = 1.0 
time step = 0.001 
T = [  5.30521722e-03   5.20547782e-03   3.17608216e+03   1.51836414e-02
   1.52786421e-02], Tstd = [  0.00000000e+00   0.00000000e+00   2.66778545e+03   3.55043564e-06
   3.71413701e-06] 
heatL = -0.0053052158405687356, heatLstd = 0.0 
heat12 = -0.005306436312632133, heat12std = 0.0 
heat23 = -0.0025752266976213946, heat23std = 4.2738773157489484e-05 
heatNN_1 = 0.0053486894311521194, heatNN_1std = 2.4141603146377987e-05 
heatR = -0.005347555844992916, heatRstd = 2.38014555073527e-05 
