This run uses mins 300.48204327424367 
amplitude = 0.1 
omega drive = 1.0 
gammal = 1.0 
gammar = 1.0 
time step = 0.001 
T = [  5.66298933e-03   5.56720380e-03   7.17771089e+03   9.62526232e-02
   9.64307591e-02], Tstd = [  3.57234285e-06   4.44279958e-06   7.46964710e+03   7.30466546e-04
   5.07751037e-04] 
heatL = -0.005662978450327587, heatLstd = 3.5722648199277718e-06 
heat12 = -0.005664291991891478, heat12std = 3.5736758114565023e-06 
heat23 = 358.88266984401827, heat23std = 373.4823477831705 
heatNN_1 = -0.003369971012911249, heatNN_1std = 0.00013466903629996962 
heatR = 0.003369306556483173, heatRstd = 0.00013513068740138155 
