This run uses mins 282.4914811412493 
amplitude = 0.1 
omega drive = 1.0 
gammal = 1.0 
gammar = 1.0 
time step = 0.001 
T = [  9.09798368e-03   9.02941701e-03   1.49930245e+05   9.16707162e-01
   9.17767501e-01], Tstd = [  3.11305332e-05   4.43131920e-05   1.91032466e+05   6.93290085e-03
   4.95178319e-03] 
heatL = -0.009097887012460943, heatLstd = 3.112968078875317e-05 
heat12 = -0.009100053226712196, heat12std = 3.113974999595082e-05 
heat23 = 7496.5104759250635, heat23std = 9551.623256006118 
heatNN_1 = -0.08154016053460976, heatNN_1std = 0.0005682641556675986 
heatR = 0.08151249947901137, heatRstd = 0.0005696922330407997 
