This run uses mins 488.1750809709231 
amplitude = 0.1 
omega drive = 1.0 
gammal = 1.0 
gammar = 1.0 
time step = 0.001 
T = [ 0.49388891  0.49874629  0.49849752  0.49869149  0.50491329], Tstd = [ 0.00229589  0.00472073  0.00593517  0.004587    0.00231896] 
heatL = -0.49387653608509136, heatLstd = 0.002295823222880991 
heat12 = -0.4939999247295923, heat12std = 0.0022952105205792067 
heat23 = -0.49411359783281794, heat23std = 0.0022983203291281956 
heatNN_1 = -0.4939783829562609, heatNN_1std = 0.0023018864054875736 
heatR = 0.4938458814683378, heatRstd = 0.0023027451670412785 
