This run uses mins 450.535872399807 
amplitude = 0.1 
omega drive = 1.0 
gammal = 1.0 
gammar = 1.0 
time step = 0.001 
T = [  4.35754051e-02   4.37517761e-02   7.59323766e+05   9.13536754e+00
   9.14977548e+00], Tstd = [  3.84409501e-04   4.09020552e-04   6.97144377e+05   6.18192171e-02
   5.68304692e-02] 
heatL = -0.04357444811194102, heatLstd = 0.0003844027281357425 
heat12 = -0.0435856020821399, heat12std = 0.0003848016967458661 
heat23 = 37966.189684191915, heat23std = 34857.21949295922 
heatNN_1 = -0.8641686563554668, heatNN_1std = 0.006186260153656816 
heatR = 0.8640890686264359, heatRstd = 0.006344537262274156 
