This run uses mins 166.48761289517086 
amplitude = 0.1 
omega drive = 1.0 
gammal = 1.0 
gammar = 1.0 
time step = 0.001 
T = [  5.30521722e-03   5.20547782e-03   1.67498882e+05   1.01760596e+00
   1.01344331e+00], Tstd = [  0.00000000e+00   0.00000000e+00   5.20022733e+03   9.33936818e-03
   1.85911116e-03] 
heatL = -0.0053052158405687356, heatLstd = 0.0 
heat12 = -0.005306436312632133, heat12std = 0.0 
heat23 = -0.004061293892967601, heat23std = 6.590265024564949e-05 
heatNN_1 = 0.005501195657796899, heatNN_1std = 8.993768447872197e-05 
heatR = -0.005484104893231137, heatRstd = 0.00011157236069340559 
