This run uses mins 148.91389114459355 
amplitude = 0.1 
omega drive = 1.0 
gammal = 1.0 
gammar = 1.0 
time step = 0.001 
T = [  5.30521722e-03   5.20547782e-03   4.76559449e+05   9.95414449e+00
   9.91168476e+00], Tstd = [  0.00000000e+00   0.00000000e+00   3.83983827e+05   1.05752751e-02
   8.35273011e-02] 
heatL = -0.0053052158405687295, heatLstd = 0.0 
heat12 = -0.00530643631263214, heat12std = 0.0 
heat23 = -0.0017957982286442265, heat23std = 0.0013038770722621827 
heatNN_1 = 0.006347626779779628, heatNN_1std = 0.0010872499756940683 
heatR = -0.0059788854133416384, heatRstd = 0.0010220046594723521 
