This run uses mins 518.036571598053 
amplitude = 0.1 
omega drive = 1.0 
gammal = 1.0 
gammar = 1.0 
time step = 0.001 
T = [ 4.95305508  4.9945554   5.00274605  4.99529421  5.06148082], Tstd = [ 0.02439472  0.04088102  0.04740807  0.04210106  0.02455912] 
heatL = -4.95293128476708, heatLstd = 0.02439428239065843 
heat12 = -4.954140976587254, heat12std = 0.024417987271089427 
heat23 = -4.955221077618975, heat23std = 0.024420673931708603 
heatNN_1 = -4.953936153394865, heatNN_1std = 0.0244258168842363 
heatR = 4.952717075788875, heatRstd = 0.02444559619581416 
